date,close,open,high,low,volume,adjclose
2012-05-14 00:00:00,33.860001,34.080002,34.189999,33.790001,688700.0,27.463345
2012-05-15 00:00:00,33.790001,33.849998,34.0,33.66,644900.0,27.40657
2012-05-16 00:00:00,33.75,33.900002,33.990002,33.740002,473500.0,27.374123
2012-05-17 00:00:00,33.27,33.630001,33.709999,33.259998,531700.0,26.984804
2012-05-18 00:00:00,33.009998,33.259998,33.419998,32.950001,821600.0,26.773922
2012-05-21 00:00:00,33.18,33.080002,33.25,32.77,857200.0,26.9118
2012-05-22 00:00:00,33.48,33.290001,33.630001,33.099998,772400.0,27.155125
2012-05-23 00:00:00,33.5,33.310001,33.509998,33.130001,957000.0,27.171356
2012-05-24 00:00:00,34.240002,33.619999,34.259998,33.5,770200.0,27.771561
2012-05-25 00:00:00,34.060001,34.240002,34.240002,34.029999,383200.0,27.625565
2012-05-29 00:00:00,34.330002,34.27,34.380001,34.080002,416700.0,27.844553
2012-05-30 00:00:00,33.990002,34.189999,34.41,33.93,609100.0,27.568779
2012-05-31 00:00:00,34.209999,34.110001,34.400002,33.919998,585900.0,27.747221
2012-06-01 00:00:00,34.16,33.970001,34.720001,33.830002,1144200.0,27.706659
2012-06-04 00:00:00,33.869999,34.25,34.290001,33.77,853900.0,27.47146
2012-06-05 00:00:00,34.200001,33.849998,34.25,33.709999,657700.0,27.739115
2012-06-06 00:00:00,34.950001,34.419998,34.98,34.220001,713000.0,28.347429
2012-06-07 00:00:00,34.32,35.0,35.0,34.299999,985300.0,27.836439
2012-06-08 00:00:00,34.32,34.189999,34.369999,34.040001,1487300.0,27.836439
2012-06-11 00:00:00,33.830002,34.490002,34.490002,33.799999,720000.0,27.439013
2012-06-12 00:00:00,33.990002,33.91,34.02,33.709999,775800.0,27.568779
2012-06-13 00:00:00,33.799999,33.970001,34.029999,33.669998,921800.0,27.414679
2012-06-14 00:00:00,33.98,33.91,34.130001,33.849998,735000.0,27.560677
2012-06-15 00:00:00,33.700001,33.889999,33.98,33.619999,1185100.0,27.333567
2012-06-18 00:00:00,33.900002,33.790001,34.009998,33.57,619800.0,27.495792
2012-06-19 00:00:00,33.810001,34.07,34.200001,33.759998,852100.0,27.422781
2012-06-20 00:00:00,33.549999,33.759998,33.799999,33.380001,939600.0,27.211908
2012-06-21 00:00:00,33.459999,33.75,33.93,33.459999,745400.0,27.138912
2012-06-22 00:00:00,33.34,33.490002,33.66,33.310001,1131800.0,27.041576
2012-06-25 00:00:00,33.16,33.139999,33.259998,32.75,674400.0,26.895586
2012-06-26 00:00:00,33.299999,33.200001,33.419998,33.040001,814700.0,27.009136
2012-06-27 00:00:00,33.779999,33.419998,33.91,33.330002,561500.0,27.39846
2012-06-28 00:00:00,34.029999,33.610001,34.040001,33.529999,553400.0,27.601227
2012-06-29 00:00:00,34.279999,34.52,34.599998,34.07,1024000.0,27.804005
2012-07-02 00:00:00,34.669998,34.380001,34.740002,34.299999,766800.0,28.120316
2012-07-03 00:00:00,34.82,34.400002,34.82,34.049999,491500.0,28.447107
2012-07-05 00:00:00,34.720001,34.82,34.82,34.43,465000.0,28.365423
2012-07-06 00:00:00,34.709999,34.709999,34.82,34.5,808800.0,28.357241
2012-07-09 00:00:00,34.830002,34.639999,34.91,34.610001,418800.0,28.455282
2012-07-10 00:00:00,35.060001,35.0,35.299999,34.919998,790700.0,28.643183
2012-07-11 00:00:00,34.900002,35.18,35.18,34.669998,611400.0,28.512465
2012-07-12 00:00:00,34.919998,34.75,35.080002,34.700001,458900.0,28.528809
2012-07-13 00:00:00,35.5,35.0,35.5,34.939999,553400.0,29.002659
2012-07-16 00:00:00,35.450001,35.5,35.5,35.18,557400.0,28.961809
2012-07-17 00:00:00,35.599998,35.5,35.82,35.32,658100.0,29.084352
2012-07-18 00:00:00,35.990002,35.549999,36.0,35.450001,796200.0,29.402977
2012-07-19 00:00:00,35.93,36.0,36.0,35.669998,300500.0,29.353951
2012-07-20 00:00:00,36.07,35.799999,36.150002,35.720001,482400.0,29.468334
2012-07-23 00:00:00,36.330002,35.869999,36.439999,35.509998,860200.0,29.68075
2012-07-24 00:00:00,36.259998,36.32,36.32,35.950001,583800.0,29.623554
2012-07-25 00:00:00,35.639999,36.32,36.349998,35.57,689000.0,29.117035
2012-07-26 00:00:00,35.919998,35.900002,36.110001,35.5,652300.0,29.345783
2012-07-27 00:00:00,36.630001,36.16,36.73,36.0,1139500.0,29.925838
2012-07-30 00:00:00,36.709999,36.599998,36.959999,36.490002,546200.0,29.99119
2012-07-31 00:00:00,36.25,36.630001,36.740002,36.220001,772400.0,29.615387
2012-08-01 00:00:00,36.25,36.360001,37.0,36.16,942800.0,29.615387
2012-08-02 00:00:00,36.25,36.310001,36.439999,35.950001,757700.0,29.615387
2012-08-03 00:00:00,37.619999,37.52,39.380001,36.459999,1175000.0,30.73465
2012-08-06 00:00:00,38.16,37.91,38.389999,37.709999,932100.0,31.175808
2012-08-07 00:00:00,37.889999,38.34,38.490002,37.869999,839800.0,30.955215
2012-08-08 00:00:00,37.209999,37.75,37.830002,36.900002,1506100.0,30.399689
2012-08-09 00:00:00,37.869999,37.299999,37.990002,37.27,1110900.0,30.938902
2012-08-10 00:00:00,37.790001,37.98,38.0,37.689999,929100.0,30.873529
2012-08-13 00:00:00,37.919998,37.889999,37.990002,37.619999,562900.0,30.979736
2012-08-14 00:00:00,38.110001,37.849998,38.220001,37.849998,750300.0,31.134968
2012-08-15 00:00:00,38.349998,38.200001,38.389999,38.16,792000.0,31.331041
2012-08-16 00:00:00,38.029999,38.349998,38.490002,37.830002,1185700.0,31.069601
2012-08-17 00:00:00,37.779999,38.040001,38.09,37.700001,757400.0,30.865362
2012-08-20 00:00:00,37.5,37.759998,37.900002,37.150002,1065900.0,30.636606
2012-08-21 00:00:00,37.240002,37.549999,37.779999,37.220001,946800.0,30.424191
2012-08-22 00:00:00,37.32,37.110001,37.419998,37.02,810500.0,30.489552
2012-08-23 00:00:00,37.220001,37.299999,37.310001,36.970001,812300.0,30.407856
2012-08-24 00:00:00,37.389999,37.200001,37.490002,37.139999,498600.0,30.546734
2012-08-27 00:00:00,37.400002,37.389999,37.560001,37.25,369200.0,30.554916
2012-08-28 00:00:00,37.470001,37.450001,37.599998,37.27,432100.0,30.612101
2012-08-29 00:00:00,37.360001,37.470001,37.630001,37.27,521800.0,30.522236
2012-08-30 00:00:00,36.990002,37.299999,37.389999,36.950001,581300.0,30.219954
2012-08-31 00:00:00,36.869999,37.099998,37.220001,36.82,819600.0,30.121914
2012-09-04 00:00:00,37.380001,37.0,37.529999,36.82,772800.0,30.538572
2012-09-05 00:00:00,36.93,37.25,37.32,36.720001,881800.0,30.170916
2012-09-06 00:00:00,37.68,37.119999,37.68,37.07,896900.0,30.783659
2012-09-07 00:00:00,37.279999,37.689999,37.740002,37.130001,1205700.0,30.456871
2012-09-10 00:00:00,37.310001,37.400002,37.5,37.169998,858800.0,30.481396
2012-09-11 00:00:00,37.389999,37.27,37.450001,37.16,681200.0,30.546734
2012-09-12 00:00:00,37.279999,37.860001,37.860001,37.16,733600.0,30.456871
2012-09-13 00:00:00,37.189999,37.400002,37.400002,37.0,1205700.0,30.383345
2012-09-14 00:00:00,35.860001,37.150002,37.150002,35.810001,2250200.0,29.296762
2012-09-17 00:00:00,35.639999,35.849998,36.09,35.549999,1254000.0,29.117035
2012-09-18 00:00:00,36.110001,35.5,36.150002,35.5,1048100.0,29.501015
2012-09-19 00:00:00,36.369999,36.25,36.540001,36.130001,788800.0,29.713423
2012-09-20 00:00:00,36.709999,36.790001,36.939999,36.509998,1240800.0,29.99119
2012-09-21 00:00:00,36.810001,36.779999,37.150002,36.700001,831700.0,30.072893
2012-09-24 00:00:00,37.290001,36.700001,37.400002,36.700001,759300.0,30.46504
2012-09-25 00:00:00,37.0,37.27,37.5,36.919998,738900.0,30.228109
2012-09-26 00:00:00,36.799999,37.040001,37.169998,36.68,698200.0,30.064726
2012-09-27 00:00:00,36.900002,36.77,36.919998,36.439999,664800.0,30.146416
2012-09-28 00:00:00,37.060001,36.830002,37.099998,36.68,643800.0,30.277142
2012-10-01 00:00:00,36.700001,36.98,37.139999,36.52,628900.0,29.983013
2012-10-02 00:00:00,36.82,36.93,37.18,36.560001,669600.0,30.081062
2012-10-03 00:00:00,36.98,36.849998,37.09,36.689999,562000.0,30.211781
2012-10-04 00:00:00,37.18,37.060001,37.299999,36.860001,609500.0,30.375181
2012-10-05 00:00:00,37.240002,37.279999,37.41,37.060001,361500.0,30.424191
2012-10-08 00:00:00,37.16,37.110001,37.189999,36.959999,302900.0,30.358837
2012-10-09 00:00:00,36.75,37.23,37.299999,36.52,532900.0,30.02388
2012-10-10 00:00:00,36.790001,36.650002,37.040001,36.509998,532700.0,30.056551
2012-10-11 00:00:00,36.66,37.02,37.02,36.540001,617800.0,29.950338
2012-10-12 00:00:00,36.32,36.580002,36.77,36.18,776900.0,29.672581
2012-10-15 00:00:00,36.200001,36.380001,36.389999,36.07,714200.0,29.574541
2012-10-16 00:00:00,36.310001,36.369999,36.450001,36.0,929500.0,29.664412
2012-10-17 00:00:00,37.299999,36.470001,37.380001,36.32,734600.0,30.473209
2012-10-18 00:00:00,37.27,37.290001,37.43,37.060001,616100.0,30.448704
2012-10-19 00:00:00,37.279999,37.150002,37.41,37.0,869000.0,30.456871
2012-10-22 00:00:00,37.0,37.349998,37.450001,36.990002,1139400.0,30.228109
2012-10-23 00:00:00,36.5,36.849998,36.970001,36.369999,1080800.0,29.819628
2012-10-24 00:00:00,36.73,36.470001,36.919998,36.18,626900.0,30.007538
2012-10-25 00:00:00,36.759998,36.869999,36.939999,36.549999,568300.0,30.032043
2012-10-26 00:00:00,36.66,36.700001,36.799999,36.48,463200.0,29.950338
2012-10-31 00:00:00,36.740002,36.5,36.880001,36.290001,801600.0,30.015699
2012-11-01 00:00:00,36.59,36.799999,36.93,36.259998,683700.0,29.893152
2012-11-02 00:00:00,36.5,36.82,36.869999,36.43,554100.0,29.819628
2012-11-05 00:00:00,36.5,36.400002,36.75,36.049999,410800.0,29.819628
2012-11-06 00:00:00,37.25,36.529999,37.34,36.310001,677900.0,30.432362
2012-11-07 00:00:00,36.549999,37.200001,37.200001,36.400002,1087000.0,29.860487
2012-11-08 00:00:00,36.5,36.439999,37.25,36.220001,642100.0,29.819628
2012-11-09 00:00:00,36.549999,36.369999,36.75,36.23,632100.0,29.860487
2012-11-12 00:00:00,36.52,36.619999,36.75,36.200001,545400.0,29.835972
2012-11-13 00:00:00,36.700001,36.240002,37.029999,36.220001,567000.0,29.983013
2012-11-14 00:00:00,36.509998,36.48,36.700001,35.950001,1169800.0,30.032368
2012-11-15 00:00:00,36.630001,36.59,36.759998,36.43,1768700.0,30.13109
2012-11-16 00:00:00,37.029999,36.650002,37.25,36.509998,1306000.0,30.460133
2012-11-19 00:00:00,36.990002,37.450001,37.459999,36.880001,712700.0,30.427223
2012-11-20 00:00:00,37.279999,36.860001,37.310001,36.860001,859800.0,30.665768
2012-11-21 00:00:00,37.27,37.389999,37.5,36.93,791700.0,30.657541
2012-11-23 00:00:00,37.139999,37.209999,37.5,36.880001,382300.0,30.550611
2012-11-26 00:00:00,37.400002,36.970001,37.5,36.970001,953500.0,30.764479
2012-11-27 00:00:00,37.549999,37.290001,37.700001,37.080002,751000.0,30.887861
2012-11-28 00:00:00,37.790001,37.32,37.91,37.119999,699100.0,31.085283
2012-11-29 00:00:00,37.990002,37.77,38.130001,37.57,638000.0,31.249811
2012-11-30 00:00:00,38.169998,38.139999,38.259998,37.849998,1046800.0,31.39786
2012-12-03 00:00:00,37.959999,37.779999,38.169998,37.779999,659400.0,31.225122
2012-12-04 00:00:00,37.970001,38.09,38.150002,37.82,621400.0,31.233349
2012-12-05 00:00:00,37.919998,37.880001,37.970001,37.240002,1062600.0,31.192217
2012-12-06 00:00:00,37.619999,38.0,38.0,37.330002,916800.0,30.945444
2012-12-07 00:00:00,37.759998,37.720001,37.889999,37.459999,544000.0,31.060596
2012-12-10 00:00:00,38.07,37.869999,38.189999,37.709999,639900.0,31.315605
2012-12-11 00:00:00,37.919998,38.169998,38.240002,37.650002,728600.0,31.192217
2012-12-12 00:00:00,38.169998,38.110001,38.5,37.939999,974400.0,31.39786
2012-12-13 00:00:00,37.779999,38.130001,38.16,37.619999,781900.0,31.077059
2012-12-14 00:00:00,37.450001,37.689999,37.830002,37.360001,723200.0,30.805599
2012-12-17 00:00:00,38.02,37.549999,38.07,37.310001,1106300.0,31.274475
2012-12-18 00:00:00,37.75,37.82,38.119999,37.580002,922800.0,31.257914
2012-12-19 00:00:00,37.279999,37.68,37.77,37.150002,1562300.0,30.868744
2012-12-20 00:00:00,37.130001,37.279999,37.349998,37.0,1098300.0,30.744545
2012-12-21 00:00:00,37.049999,36.93,37.290001,36.669998,2558300.0,30.678293
2012-12-24 00:00:00,37.290001,36.98,37.41,36.759998,342500.0,30.877022
2012-12-26 00:00:00,36.869999,37.299999,37.299999,36.740002,698200.0,30.529251
2012-12-27 00:00:00,36.799999,36.810001,37.09,36.57,762800.0,30.471292
2012-12-28 00:00:00,36.740002,36.84,37.029999,36.619999,605500.0,30.421606
2012-12-31 00:00:00,37.130001,36.779999,37.240002,36.560001,947800.0,30.744545
2013-01-02 00:00:00,38.0,37.669998,38.0,37.5,1099100.0,31.464924
2013-01-03 00:00:00,38.110001,38.119999,38.23,37.790001,945500.0,31.556015
2013-01-04 00:00:00,38.139999,38.060001,38.259998,38.0,820000.0,31.580845
2013-01-07 00:00:00,37.490002,38.0,38.040001,37.43,1046200.0,31.042624
2013-01-08 00:00:00,37.330002,37.439999,37.669998,37.299999,1001400.0,30.910143
2013-01-09 00:00:00,37.419998,37.41,37.540001,37.299999,843500.0,30.984663
2013-01-10 00:00:00,37.610001,37.560001,37.959999,37.439999,831300.0,31.141989
2013-01-11 00:00:00,38.349998,37.669998,38.400002,37.650002,739200.0,31.754734
2013-01-14 00:00:00,37.93,38.32,38.330002,37.790001,872000.0,31.406954
2013-01-15 00:00:00,37.830002,37.810001,37.950001,37.700001,712300.0,31.324154
2013-01-16 00:00:00,37.68,37.700001,37.860001,37.369999,660900.0,31.199951
2013-01-17 00:00:00,37.75,37.810001,37.869999,37.540001,711000.0,31.257914
2013-01-18 00:00:00,37.91,37.869999,37.990002,37.740002,681200.0,31.390404
2013-01-22 00:00:00,38.27,38.09,38.5,37.869999,626300.0,31.688494
2013-01-23 00:00:00,38.34,38.139999,38.389999,38.09,481100.0,31.746449
2013-01-24 00:00:00,38.59,38.290001,38.689999,38.049999,699400.0,31.953459
2013-01-25 00:00:00,37.400002,38.540001,38.900002,36.959999,3729200.0,30.968105
2013-01-28 00:00:00,37.790001,37.450001,37.950001,37.16,1748200.0,31.291039
2013-01-29 00:00:00,38.52,37.849998,38.580002,37.849998,2125100.0,31.895489
2013-01-30 00:00:00,38.459999,38.5,38.75,38.299999,1384100.0,31.845808
2013-01-31 00:00:00,38.279999,38.330002,38.59,38.23,1012700.0,31.69677
2013-02-01 00:00:00,38.41,38.52,38.66,38.32,1061200.0,31.804422
2013-02-04 00:00:00,38.07,38.169998,38.369999,38.060001,869200.0,31.522882
2013-02-05 00:00:00,38.049999,38.279999,38.290001,38.040001,1033600.0,31.506327
2013-02-06 00:00:00,38.540001,38.07,38.560001,38.049999,1210600.0,31.912073
2013-02-07 00:00:00,38.990002,38.900002,39.330002,38.459999,830200.0,32.284668
2013-02-08 00:00:00,39.18,38.990002,39.23,38.799999,587000.0,32.441982
2013-02-11 00:00:00,39.040001,39.16,39.349998,38.950001,625700.0,32.326073
2013-02-12 00:00:00,39.220001,39.009998,39.299999,38.889999,476300.0,32.475113
2013-02-13 00:00:00,39.41,39.459999,39.5,39.200001,462000.0,32.632431
2013-02-14 00:00:00,39.150002,39.299999,39.43,39.09,353400.0,32.417149
2013-02-15 00:00:00,39.169998,39.099998,39.189999,38.860001,593100.0,32.433701
2013-02-19 00:00:00,39.75,39.240002,39.75,39.150002,825600.0,32.913963
2013-02-20 00:00:00,39.529999,39.560001,39.830002,39.470001,654900.0,32.731804
2013-02-21 00:00:00,39.450001,39.470001,39.830002,39.279999,496800.0,32.665565
2013-02-22 00:00:00,39.82,39.509998,39.830002,39.380001,483200.0,32.971916
2013-02-25 00:00:00,39.240002,39.91,39.98,39.220001,880700.0,32.491673
2013-02-26 00:00:00,39.43,39.360001,39.740002,39.200001,706600.0,32.648994
2013-02-27 00:00:00,39.369999,39.580002,39.630001,38.700001,793000.0,32.599323
2013-02-28 00:00:00,39.450001,39.349998,39.610001,39.25,1055400.0,32.665565
2013-03-01 00:00:00,39.57,39.509998,39.900002,39.169998,989300.0,32.764912
2013-03-04 00:00:00,40.27,39.650002,40.27,39.48,1023200.0,33.344524
2013-03-05 00:00:00,40.240002,40.459999,40.689999,40.169998,1178000.0,33.319695
2013-03-06 00:00:00,40.060001,40.049999,40.240002,39.779999,615300.0,33.170639
2013-03-07 00:00:00,39.560001,39.57,40.009998,39.380001,1227100.0,32.75663
2013-03-08 00:00:00,40.110001,39.5,40.16,39.470001,689000.0,33.212059
2013-03-11 00:00:00,40.360001,40.200001,40.459999,39.950001,855600.0,33.419056
2013-03-12 00:00:00,40.130001,40.450001,40.470001,39.990002,1248600.0,33.228615
2013-03-13 00:00:00,40.139999,40.130001,40.349998,40.02,895700.0,33.2369
2013-03-14 00:00:00,40.0,40.060001,40.23,39.73,862400.0,33.120964
2013-03-15 00:00:00,40.259998,40.07,40.259998,39.82,2386600.0,33.336254
2013-03-18 00:00:00,40.220001,39.82,40.25,39.799999,677600.0,33.303146
2013-03-19 00:00:00,40.41,40.25,40.450001,40.150002,499600.0,33.460472
2013-03-20 00:00:00,40.689999,40.5,40.889999,40.439999,625400.0,33.692303
2013-03-21 00:00:00,40.610001,40.5,40.799999,40.110001,569400.0,33.62606
2013-03-22 00:00:00,40.77,40.610001,41.0,40.43,529000.0,33.758549
2013-03-25 00:00:00,40.869999,40.919998,41.240002,40.549999,804400.0,33.841351
2013-03-26 00:00:00,40.950001,40.970001,41.099998,40.860001,914800.0,33.907581
2013-03-27 00:00:00,41.029999,40.900002,41.139999,40.669998,757100.0,33.973839
2013-03-28 00:00:00,41.439999,41.119999,41.450001,41.040001,926600.0,34.313328
2013-04-01 00:00:00,41.27,41.419998,41.580002,40.849998,588400.0,34.172565
2013-04-02 00:00:00,41.369999,41.290001,41.490002,41.130001,488000.0,34.255363
2013-04-03 00:00:00,41.110001,41.52,41.52,40.720001,794200.0,34.040085
2013-04-04 00:00:00,41.400002,41.23,41.459999,41.099998,594600.0,34.280205
2013-04-05 00:00:00,41.470001,41.119999,41.5,40.759998,728000.0,34.338165
2013-04-08 00:00:00,41.84,41.41,41.849998,41.040001,679600.0,34.64452
2013-04-09 00:00:00,41.639999,41.950001,41.950001,41.560001,635900.0,34.478931
2013-04-10 00:00:00,42.18,41.84,42.240002,41.66,700100.0,34.926052
2013-04-11 00:00:00,42.299999,42.389999,42.419998,42.049999,675900.0,35.025421
2013-04-12 00:00:00,42.349998,42.099998,42.529999,42.049999,488500.0,35.066826
2013-04-15 00:00:00,41.23,42.27,42.41,41.040001,1019100.0,34.139435
2013-04-16 00:00:00,42.279999,41.389999,42.34,41.349998,853100.0,35.008869
2013-04-17 00:00:00,41.919998,42.060001,42.200001,41.369999,922900.0,34.71077
2013-04-18 00:00:00,41.830002,42.009998,42.18,41.599998,919900.0,34.636269
2013-04-19 00:00:00,42.009998,41.919998,42.349998,41.779999,656400.0,34.785301
2013-04-22 00:00:00,41.599998,41.970001,41.990002,41.360001,651700.0,34.44582
2013-04-23 00:00:00,41.16,41.529999,41.669998,40.959999,1117700.0,34.081482
2013-04-24 00:00:00,41.150002,41.580002,41.66,40.970001,1244500.0,34.073204
2013-04-25 00:00:00,41.389999,41.16,41.529999,41.099998,694100.0,34.271927
2013-04-26 00:00:00,41.16,41.169998,41.540001,41.060001,677400.0,34.081482
2013-04-29 00:00:00,41.349998,41.259998,41.52,41.09,516400.0,34.238792
2013-04-30 00:00:00,41.880001,41.369999,41.880001,41.200001,939800.0,34.677666
2013-05-01 00:00:00,41.759998,41.740002,42.25,41.619999,822100.0,34.578289
2013-05-02 00:00:00,42.130001,41.869999,42.23,41.799999,709300.0,34.884659
2013-05-03 00:00:00,41.880001,42.299999,42.43,41.880001,613900.0,34.677666
2013-05-06 00:00:00,41.669998,41.75,41.880001,41.57,778200.0,34.50378
2013-05-07 00:00:00,41.98,41.549999,42.099998,41.380001,965800.0,34.760456
2013-05-08 00:00:00,41.73,40.98,41.77,40.799999,959400.0,34.553459
2013-05-09 00:00:00,41.880001,42.200001,43.09,41.849998,1511600.0,34.677666
2013-05-10 00:00:00,42.029999,42.5,42.560001,41.869999,776000.0,34.801861
2013-05-13 00:00:00,41.98,41.77,42.060001,41.599998,860800.0,34.760456
2013-05-14 00:00:00,42.439999,41.950001,42.689999,41.950001,972200.0,35.141342
2013-05-15 00:00:00,42.740002,42.389999,42.759998,42.389999,1234800.0,35.389755
2013-05-16 00:00:00,42.5,42.799999,42.91,42.459999,642900.0,35.191021
2013-05-17 00:00:00,42.669998,42.669998,42.830002,42.43,507000.0,35.331791
2013-05-20 00:00:00,42.720001,42.509998,42.720001,42.380001,851700.0,35.373207
2013-05-21 00:00:00,42.689999,42.68,42.98,42.580002,1268700.0,35.348343
2013-05-22 00:00:00,42.029999,42.549999,42.599998,42.0,1453800.0,35.031624
2013-05-23 00:00:00,41.799999,41.73,42.02,41.25,1124600.0,34.839909
2013-05-24 00:00:00,41.330002,41.740002,41.779999,41.27,803100.0,34.448196
2013-05-28 00:00:00,41.599998,41.57,42.099998,41.419998,799500.0,34.673237
2013-05-29 00:00:00,40.93,41.509998,41.59,40.73,1431500.0,34.114792
2013-05-30 00:00:00,40.91,40.93,41.529999,40.91,777100.0,34.098118
2013-05-31 00:00:00,39.939999,40.860001,41.049999,39.91,1475200.0,33.289642
2013-06-03 00:00:00,40.310001,40.060001,40.77,39.869999,891800.0,33.598026
2013-06-04 00:00:00,39.810001,40.279999,40.490002,39.52,1033600.0,33.181286
2013-06-05 00:00:00,39.610001,39.639999,39.860001,39.169998,1026100.0,33.014572
2013-06-06 00:00:00,40.02,39.66,40.060001,39.450001,755100.0,33.356304
2013-06-07 00:00:00,39.869999,40.080002,40.299999,39.459999,854300.0,33.231274
2013-06-10 00:00:00,39.82,39.900002,39.950001,39.5,595200.0,33.189617
2013-06-11 00:00:00,39.860001,39.549999,39.959999,39.509998,813600.0,33.222954
2013-06-12 00:00:00,40.490002,40.299999,40.720001,40.290001,1825700.0,33.748058
2013-06-13 00:00:00,40.880001,40.400002,40.990002,40.259998,1075700.0,34.07312
2013-06-14 00:00:00,41.009998,40.740002,41.009998,40.639999,752700.0,34.181469
2013-06-17 00:00:00,41.049999,41.189999,41.560001,40.950001,1338600.0,34.21479
2013-06-18 00:00:00,41.16,41.119999,41.369999,41.0,940100.0,34.306484
2013-06-19 00:00:00,40.639999,41.220001,41.32,40.599998,856100.0,33.873085
2013-06-20 00:00:00,39.57,40.18,40.43,39.419998,787200.0,32.981232
2013-06-21 00:00:00,39.450001,39.669998,39.849998,38.950001,1268700.0,32.881233
2013-06-24 00:00:00,39.400002,39.0,39.639999,38.91,777000.0,32.83955
2013-06-25 00:00:00,40.130001,39.68,40.330002,39.630001,846000.0,33.447987
2013-06-26 00:00:00,40.259998,40.330002,40.610001,40.240002,487000.0,33.556347
2013-06-27 00:00:00,40.459999,40.48,40.75,40.43,643900.0,33.723049
2013-06-28 00:00:00,41.23,40.52,41.700001,40.380001,1527900.0,34.36483
2013-07-01 00:00:00,39.98,41.290001,41.490002,39.790001,1273400.0,33.322964
2013-07-02 00:00:00,39.900002,39.860001,40.099998,39.540001,1530900.0,33.256298
2013-07-03 00:00:00,40.459999,39.889999,40.470001,39.639999,933100.0,33.723049
2013-07-05 00:00:00,40.290001,40.509998,40.869999,40.0,468700.0,33.58136
2013-07-08 00:00:00,41.009998,40.470001,41.240002,40.310001,694900.0,34.181469
2013-07-09 00:00:00,41.459999,41.330002,41.52,40.830002,618400.0,34.556541
2013-07-10 00:00:00,41.75,41.459999,41.779999,41.330002,638900.0,34.798244
2013-07-11 00:00:00,41.869999,42.110001,42.299999,41.459999,776800.0,34.89827
2013-07-12 00:00:00,41.959999,41.779999,42.060001,41.349998,686700.0,34.973286
2013-07-15 00:00:00,42.790001,42.029999,42.82,41.900002,701900.0,35.665085
2013-07-16 00:00:00,42.32,42.740002,42.900002,42.25,813300.0,35.273346
2013-07-17 00:00:00,42.110001,42.549999,42.639999,42.07,503200.0,35.098309
2013-07-18 00:00:00,42.32,42.099998,42.41,41.900002,837900.0,35.273346
2013-07-19 00:00:00,42.599998,42.220001,42.779999,42.099998,524200.0,35.506721
2013-07-22 00:00:00,43.110001,42.549999,43.220001,42.509998,675300.0,35.931805
2013-07-23 00:00:00,43.5,43.189999,43.720001,42.950001,625500.0,36.256863
2013-07-24 00:00:00,42.82,43.709999,43.709999,42.650002,661900.0,35.69009
2013-07-25 00:00:00,42.98,42.639999,42.98,42.490002,475400.0,35.823444
2013-07-26 00:00:00,43.080002,43.130001,43.240002,42.599998,327500.0,35.906796
2013-07-29 00:00:00,43.049999,43.119999,43.25,42.970001,466100.0,35.88179
2013-07-30 00:00:00,42.669998,43.150002,43.240002,42.619999,748700.0,35.565063
2013-07-31 00:00:00,42.68,42.75,42.970001,42.540001,608300.0,35.573391
2013-08-01 00:00:00,43.290001,43.009998,43.439999,42.990002,662000.0,36.081821
2013-08-02 00:00:00,43.130001,43.369999,43.48,42.720001,546200.0,35.948467
2013-08-05 00:00:00,42.740002,43.150002,43.150002,42.689999,742800.0,35.623402
2013-08-06 00:00:00,42.369999,42.689999,42.880001,42.32,791900.0,35.315018
2013-08-07 00:00:00,42.48,42.299999,42.66,42.259998,953100.0,35.406696
2013-08-08 00:00:00,42.52,42.490002,42.84,42.110001,847900.0,35.440044
2013-08-09 00:00:00,43.169998,42.57,43.220001,42.57,871500.0,35.981796
2013-08-12 00:00:00,42.77,43.139999,43.23,42.689999,862500.0,35.648415
2013-08-13 00:00:00,42.619999,42.849998,43.049999,42.619999,900500.0,35.523396
2013-08-14 00:00:00,42.049999,42.68,42.77,42.009998,1011500.0,35.048298
2013-08-15 00:00:00,41.150002,41.75,41.810001,41.07,700500.0,34.528072
2013-08-16 00:00:00,41.040001,41.009998,41.119999,40.799999,545300.0,34.435776
2013-08-19 00:00:00,40.709999,41.040001,41.119999,40.689999,727500.0,34.158867
2013-08-20 00:00:00,40.77,40.689999,41.200001,40.560001,558300.0,34.209221
2013-08-21 00:00:00,40.759998,40.759998,40.950001,40.240002,610400.0,34.200821
2013-08-22 00:00:00,41.630001,41.02,41.84,40.82,673500.0,34.930832
2013-08-23 00:00:00,41.880001,41.630001,41.959999,41.41,440300.0,35.14061
2013-08-26 00:00:00,41.52,41.849998,41.849998,41.490002,407900.0,34.838543
2013-08-27 00:00:00,41.59,41.200001,41.709999,41.110001,539700.0,34.89727
2013-08-28 00:00:00,41.669998,41.5,41.970001,41.380001,590200.0,34.964397
2013-08-29 00:00:00,40.919998,41.52,41.630001,40.849998,695000.0,34.335091
2013-08-30 00:00:00,40.740002,41.049999,41.220001,40.459999,687400.0,34.184044
2013-09-03 00:00:00,40.290001,40.790001,41.099998,40.27,523700.0,33.806458
2013-09-04 00:00:00,39.759998,40.290001,40.34,39.18,2183300.0,33.361748
2013-09-05 00:00:00,39.330002,39.689999,39.860001,39.279999,944200.0,33.000957
2013-09-06 00:00:00,39.279999,39.380001,39.5,39.27,1528000.0,32.958977
2013-09-09 00:00:00,39.43,39.369999,39.5,39.150002,714300.0,33.084854
2013-09-10 00:00:00,39.950001,39.529999,39.950001,39.48,836700.0,33.521179
2013-09-11 00:00:00,39.540001,39.849998,39.93,39.48,632500.0,33.177143
2013-09-12 00:00:00,39.25,39.919998,39.93,39.049999,1277800.0,32.93383
2013-09-13 00:00:00,39.290001,39.299999,39.400002,39.150002,901500.0,32.967369
2013-09-16 00:00:00,39.130001,39.299999,39.599998,39.049999,2511500.0,32.83313
2013-09-17 00:00:00,39.48,39.189999,39.549999,39.060001,980600.0,33.126816
2013-09-18 00:00:00,40.82,39.490002,40.900002,39.34,1240300.0,34.251167
2013-09-19 00:00:00,40.610001,40.860001,41.189999,40.59,741700.0,34.074963
2013-09-20 00:00:00,39.880001,40.560001,40.93,39.849998,2046600.0,33.462437
2013-09-23 00:00:00,40.389999,39.68,40.450001,39.650002,1429200.0,33.890354
2013-09-24 00:00:00,40.790001,40.439999,40.889999,40.389999,686700.0,34.226006
2013-09-25 00:00:00,40.740002,40.77,40.93,40.48,691700.0,34.184044
2013-09-26 00:00:00,41.119999,40.880001,41.290001,40.830002,643600.0,34.502903
2013-09-27 00:00:00,40.880001,40.950001,41.110001,40.740002,481500.0,34.301517
2013-09-30 00:00:00,41.279999,40.509998,41.299999,40.509998,925400.0,34.63715
2013-10-01 00:00:00,41.43,40.970001,41.66,40.970001,1341400.0,34.76302
2013-10-02 00:00:00,41.529999,41.25,41.540001,41.0,671900.0,34.84692
2013-10-03 00:00:00,40.75,41.279999,41.41,40.700001,796200.0,34.192432
2013-10-04 00:00:00,40.580002,40.799999,40.880001,40.509998,476900.0,34.049789
2013-10-07 00:00:00,40.18,40.400002,40.619999,40.18,385400.0,33.714172
2013-10-08 00:00:00,40.09,40.380001,40.669998,40.09,738900.0,33.638653
2013-10-09 00:00:00,40.509998,40.07,40.779999,40.049999,784600.0,33.991055
2013-10-10 00:00:00,41.279999,40.599998,41.41,40.509998,762400.0,34.63715
2013-10-11 00:00:00,41.389999,41.27,41.43,41.07,473000.0,34.729446
2013-10-14 00:00:00,41.009998,41.299999,41.389999,40.470001,381500.0,34.410595
2013-10-15 00:00:00,40.470001,40.990002,41.0,40.450001,692200.0,33.957504
2013-10-16 00:00:00,40.849998,40.619999,41.02,40.5,881100.0,34.276337
2013-10-17 00:00:00,41.790001,40.799999,41.790001,40.580002,826500.0,35.065071
2013-10-18 00:00:00,41.73,41.950001,42.0,41.639999,679400.0,35.014736
2013-10-21 00:00:00,42.07,41.779999,42.099998,41.700001,570200.0,35.300022
2013-10-22 00:00:00,42.310001,42.34,42.869999,42.009998,1020200.0,35.501411
2013-10-23 00:00:00,42.400002,42.119999,42.599998,42.07,595900.0,35.576923
2013-10-24 00:00:00,42.02,42.419998,42.59,41.959999,598200.0,35.258064
2013-10-25 00:00:00,42.560001,42.130001,42.599998,41.889999,561700.0,35.711174
2013-10-28 00:00:00,42.52,42.560001,42.720001,42.23,470700.0,35.677608
2013-10-29 00:00:00,42.740002,42.57,42.810001,42.470001,402300.0,35.862206
2013-10-30 00:00:00,42.82,42.799999,43.060001,42.57,540000.0,35.929333
2013-10-31 00:00:00,42.869999,42.75,42.950001,42.34,830200.0,35.971291
2013-11-01 00:00:00,42.759998,43.0,43.150002,42.560001,432900.0,35.878975
2013-11-04 00:00:00,43.009998,42.75,43.099998,42.610001,369600.0,36.088764
2013-11-05 00:00:00,43.259998,42.939999,45.09,42.93,752100.0,36.298523
2013-11-06 00:00:00,43.490002,43.439999,43.540001,43.169998,708200.0,36.491512
2013-11-07 00:00:00,43.34,43.57,44.490002,43.09,729200.0,36.365646
2013-11-08 00:00:00,42.75,43.200001,43.200001,42.169998,597600.0,35.87059
2013-11-11 00:00:00,43.049999,42.75,43.299999,42.5,405100.0,36.122311
2013-11-12 00:00:00,42.669998,42.889999,42.889999,42.419998,752600.0,35.803471
2013-11-13 00:00:00,42.41,42.209999,42.540001,42.060001,676800.0,35.820358
2013-11-14 00:00:00,42.869999,42.540001,42.889999,42.540001,558600.0,36.208881
2013-11-15 00:00:00,43.18,42.82,43.32,42.82,579700.0,36.470718
2013-11-18 00:00:00,43.099998,43.34,43.360001,42.919998,418300.0,36.403152
2013-11-19 00:00:00,42.59,43.0,43.18,42.450001,498700.0,35.972389
2013-11-20 00:00:00,42.060001,42.599998,42.900002,42.049999,448200.0,35.524746
2013-11-21 00:00:00,41.990002,42.189999,42.41,41.900002,816400.0,35.465626
2013-11-22 00:00:00,42.209999,42.119999,42.349998,41.720001,804800.0,35.651428
2013-11-25 00:00:00,42.200001,42.27,42.459999,42.099998,500900.0,35.642982
2013-11-26 00:00:00,41.98,42.25,42.25,41.77,662000.0,35.457172
2013-11-27 00:00:00,42.25,42.110001,42.389999,41.830002,554500.0,35.68523
2013-11-29 00:00:00,42.349998,42.23,42.75,42.23,309100.0,35.769684
2013-12-02 00:00:00,41.959999,42.389999,42.580002,41.919998,492000.0,35.440281
2013-12-03 00:00:00,41.669998,41.810001,42.099998,41.369999,904300.0,35.195335
2013-12-04 00:00:00,41.619999,41.560001,41.709999,41.150002,941000.0,35.153103
2013-12-05 00:00:00,41.049999,41.549999,41.639999,41.029999,1240300.0,34.671673
2013-12-06 00:00:00,41.259998,41.48,41.77,41.139999,1393700.0,34.849041
2013-12-09 00:00:00,41.099998,41.240002,41.400002,40.849998,956800.0,34.713905
2013-12-10 00:00:00,40.93,41.119999,41.18,40.77,1308800.0,34.570316
2013-12-11 00:00:00,40.360001,41.060001,41.139999,40.349998,950800.0,34.088902
2013-12-12 00:00:00,40.75,40.380001,40.84,40.380001,747600.0,34.418282
2013-12-13 00:00:00,40.799999,40.939999,40.939999,40.450001,895700.0,34.460526
2013-12-16 00:00:00,40.959999,41.080002,41.259998,40.91,729600.0,34.595657
2013-12-17 00:00:00,41.450001,40.919998,41.689999,40.82,1120100.0,35.009525
2013-12-18 00:00:00,42.040001,41.57,42.41,41.369999,1349400.0,35.507858
2013-12-19 00:00:00,41.84,41.889999,42.259998,41.529999,685900.0,35.338921
2013-12-20 00:00:00,41.799999,42.02,42.259998,41.599998,1473300.0,35.305138
2013-12-23 00:00:00,41.759998,42.0,42.169998,41.709999,605000.0,35.271347
2013-12-24 00:00:00,42.040001,41.91,42.360001,41.900002,291800.0,35.507858
2013-12-26 00:00:00,42.009998,42.189999,42.240002,41.919998,378300.0,35.482506
2013-12-27 00:00:00,42.040001,42.07,42.369999,41.93,467700.0,35.507858
2013-12-30 00:00:00,42.209999,42.110001,42.43,42.060001,459800.0,35.651428
2013-12-31 00:00:00,42.259998,42.27,42.299999,42.049999,497100.0,35.693676
2014-01-02 00:00:00,41.580002,42.009998,42.09,41.5,788800.0,35.119324
2014-01-03 00:00:00,41.459999,41.540001,41.639999,41.16,819600.0,35.017956
2014-01-06 00:00:00,41.299999,41.48,41.610001,41.240002,670400.0,34.882832
2014-01-07 00:00:00,41.709999,41.380001,41.75,41.369999,769900.0,35.22913
2014-01-08 00:00:00,41.700001,41.700001,41.860001,41.450001,726900.0,35.220692
2014-01-09 00:00:00,41.599998,41.799999,41.830002,41.470001,697700.0,35.136211
2014-01-10 00:00:00,41.990002,41.68,42.41,41.619999,941400.0,35.465626
2014-01-13 00:00:00,41.59,41.939999,42.07,41.529999,530700.0,35.127777
2014-01-14 00:00:00,41.509998,41.650002,41.91,41.34,450100.0,35.060211
2014-01-15 00:00:00,41.279999,41.599998,41.599998,41.18,633400.0,34.865932
2014-01-16 00:00:00,41.509998,41.259998,41.540001,41.200001,777200.0,35.060211
2014-01-17 00:00:00,41.529999,41.68,41.68,41.23,932000.0,35.077084
2014-01-21 00:00:00,41.860001,41.110001,41.93,41.110001,710200.0,35.355816
2014-01-22 00:00:00,42.110001,41.82,42.189999,41.82,519800.0,35.566963
2014-01-23 00:00:00,42.16,41.959999,42.169998,41.82,622200.0,35.609207
2014-01-24 00:00:00,41.830002,42.0,42.150002,41.740002,717200.0,35.330479
2014-01-27 00:00:00,41.650002,41.84,42.049999,41.650002,646700.0,35.178444
2014-01-28 00:00:00,41.790001,41.66,42.02,41.66,730100.0,35.296692
2014-01-29 00:00:00,41.959999,41.669998,42.009998,41.66,841300.0,35.440281
2014-01-30 00:00:00,42.5,42.0,42.560001,41.75,942700.0,36.13752
2014-01-31 00:00:00,42.57,42.23,42.68,42.07,1076400.0,36.197048
2014-02-03 00:00:00,42.310001,42.5,42.970001,41.98,1134700.0,35.975967
2014-02-04 00:00:00,41.759998,42.490002,42.490002,41.610001,1303300.0,35.508301
2014-02-05 00:00:00,41.16,41.669998,41.75,41.16,976900.0,34.998123
2014-02-06 00:00:00,41.700001,41.189999,41.799999,41.07,591500.0,35.457302
2014-02-07 00:00:00,42.279999,41.860001,42.310001,41.77,612300.0,35.950455
2014-02-10 00:00:00,42.34,42.349998,42.450001,41.91,557600.0,36.00148
2014-02-11 00:00:00,42.709999,42.27,42.75,42.200001,1009700.0,36.316082
2014-02-12 00:00:00,42.900002,42.75,43.080002,42.549999,576400.0,36.477646
2014-02-13 00:00:00,43.57,42.720001,43.57,42.59,695200.0,37.04734
2014-02-14 00:00:00,43.599998,43.599998,43.689999,43.330002,494400.0,37.072853
2014-02-18 00:00:00,43.669998,43.720001,43.880001,43.419998,558800.0,37.132366
2014-02-19 00:00:00,43.630001,43.52,43.990002,43.470001,607800.0,37.098354
2014-02-20 00:00:00,44.060001,43.59,44.07,43.41,504000.0,37.463997
2014-02-21 00:00:00,44.27,44.029999,44.450001,43.880001,650000.0,37.642548
2014-02-24 00:00:00,43.869999,44.360001,44.5,43.849998,593300.0,37.302433
2014-02-25 00:00:00,43.950001,43.73,44.5,43.709999,785900.0,37.370457
2014-02-26 00:00:00,43.869999,44.130001,44.27,43.810001,491300.0,37.302433
2014-02-27 00:00:00,44.02,43.75,44.290001,43.369999,538800.0,37.42997
2014-02-28 00:00:00,44.84,44.200001,45.150002,44.060001,957900.0,38.127213
2014-03-03 00:00:00,44.150002,44.66,44.689999,44.080002,978000.0,37.540512
2014-03-04 00:00:00,44.470001,44.5,44.73,44.310001,717100.0,37.812603
2014-03-05 00:00:00,44.349998,44.419998,44.549999,44.040001,822900.0,37.710575
2014-03-06 00:00:00,44.360001,44.5,44.650002,44.259998,784800.0,37.719067
2014-03-07 00:00:00,44.349998,44.41,44.5,44.049999,722600.0,37.710575
2014-03-10 00:00:00,44.43,44.349998,44.560001,44.139999,840300.0,37.778591
2014-03-11 00:00:00,43.849998,44.259998,44.330002,43.630001,884400.0,37.285419
2014-03-12 00:00:00,44.27,43.740002,44.279999,43.689999,584800.0,37.642548
2014-03-13 00:00:00,44.990002,44.439999,45.049999,44.259998,878800.0,38.254757
2014-03-14 00:00:00,45.560001,45.040001,45.860001,44.990002,1101900.0,38.739422
2014-03-17 00:00:00,45.130001,45.630001,45.630001,44.990002,645400.0,38.373798
2014-03-18 00:00:00,45.490002,45.240002,45.720001,45.150002,788100.0,38.679913
2014-03-19 00:00:00,44.91,45.540001,45.759998,44.82,525500.0,38.186733
2014-03-20 00:00:00,44.66,44.759998,44.939999,44.549999,733400.0,37.974152
2014-03-21 00:00:00,45.060001,44.93,45.529999,44.709999,1120500.0,38.314285
2014-03-24 00:00:00,45.169998,45.259998,45.48,44.959999,567200.0,38.407806
2014-03-25 00:00:00,45.049999,45.369999,45.369999,44.939999,454700.0,38.305775
2014-03-26 00:00:00,44.439999,45.049999,45.200001,44.419998,668500.0,37.787094
2014-03-27 00:00:00,44.959999,44.560001,44.98,44.259998,567000.0,38.229248
2014-03-28 00:00:00,45.130001,45.009998,45.290001,44.98,640100.0,38.373798
2014-03-31 00:00:00,45.400002,45.279999,45.740002,44.970001,1052600.0,38.603374
2014-04-01 00:00:00,45.16,45.380001,45.439999,44.860001,887900.0,38.399303
2014-04-02 00:00:00,45.52,45.150002,45.639999,44.889999,589000.0,38.70541
2014-04-03 00:00:00,45.529999,45.549999,45.830002,45.43,618200.0,38.713905
2014-04-04 00:00:00,45.790001,45.68,46.23,45.5,786400.0,38.934998
2014-04-07 00:00:00,45.470001,45.740002,46.02,45.439999,664700.0,38.662888
2014-04-08 00:00:00,45.48,45.419998,45.560001,44.959999,1072700.0,38.671398
2014-04-09 00:00:00,45.669998,45.599998,45.700001,45.099998,690800.0,38.832954
2014-04-10 00:00:00,45.529999,45.610001,46.040001,45.34,956200.0,38.713905
2014-04-11 00:00:00,45.5,45.52,45.73,45.369999,876800.0,38.688408
2014-04-14 00:00:00,45.75,45.77,45.98,45.400002,801200.0,38.900978
2014-04-15 00:00:00,45.66,45.560001,45.810001,45.110001,859800.0,38.824448
2014-04-16 00:00:00,45.970001,45.77,45.970001,45.419998,900800.0,39.088055
2014-04-17 00:00:00,45.669998,45.990002,46.209999,45.560001,578000.0,38.832954
2014-04-21 00:00:00,45.790001,45.900002,46.130001,45.57,515800.0,38.934998
2014-04-22 00:00:00,46.009998,45.880001,46.16,45.630001,614500.0,39.122059
2014-04-23 00:00:00,45.860001,46.110001,46.279999,45.790001,783600.0,38.994518
2014-04-24 00:00:00,46.0,45.880001,46.209999,45.599998,602300.0,39.113552
2014-04-25 00:00:00,46.119999,45.959999,46.130001,45.75,662900.0,39.215591
2014-04-28 00:00:00,46.450001,46.209999,46.580002,45.939999,1105000.0,39.496189
2014-04-29 00:00:00,45.889999,46.5,46.630001,45.849998,691700.0,39.020027
2014-04-30 00:00:00,45.529999,45.970001,46.150002,45.490002,758100.0,38.713905
2014-05-01 00:00:00,46.220001,45.66,46.220001,45.43,671100.0,39.30061
2014-05-02 00:00:00,46.169998,46.169998,46.650002,45.82,812900.0,39.258106
2014-05-05 00:00:00,46.560001,46.18,46.57,45.959999,586500.0,39.589714
2014-05-06 00:00:00,46.18,46.380001,46.650002,46.02,561600.0,39.266609
2014-05-07 00:00:00,46.919998,46.290001,46.939999,46.279999,1073800.0,39.895824
2014-05-08 00:00:00,46.73,46.82,47.610001,46.509998,715300.0,39.998535
2014-05-09 00:00:00,46.259998,46.82,47.0,46.110001,903500.0,39.596237
2014-05-12 00:00:00,46.310001,46.509998,46.610001,46.110001,1229400.0,39.639042
2014-05-13 00:00:00,47.060001,46.52,47.080002,46.349998,1142600.0,40.28101
2014-05-14 00:00:00,47.060001,47.080002,47.650002,46.810001,965000.0,40.28101
2014-05-15 00:00:00,47.380001,47.0,47.41,47.0,1404900.0,40.554909
2014-05-16 00:00:00,47.259998,47.32,47.360001,46.790001,1303600.0,40.452183
2014-05-19 00:00:00,46.849998,47.220001,47.299999,46.740002,710000.0,40.101254
2014-05-20 00:00:00,46.82,46.849998,47.349998,46.549999,771500.0,40.075584
2014-05-21 00:00:00,46.82,46.889999,47.060001,46.669998,529400.0,40.075584
2014-05-22 00:00:00,47.290001,46.82,47.41,46.82,443100.0,40.477875
2014-05-23 00:00:00,47.610001,47.34,47.689999,47.18,579900.0,40.751781
2014-05-27 00:00:00,47.419998,47.77,48.189999,47.32,1297000.0,40.589138
2014-05-28 00:00:00,47.599998,47.619999,47.700001,47.32,911900.0,40.743214
2014-05-29 00:00:00,47.639999,47.720001,47.720001,47.360001,461000.0,40.777447
2014-05-30 00:00:00,48.610001,47.799999,48.639999,47.700001,1641500.0,41.607723
2014-06-02 00:00:00,48.220001,48.82,48.82,48.119999,709300.0,41.273895
2014-06-03 00:00:00,48.049999,48.220001,48.259998,47.889999,702400.0,41.128399
2014-06-04 00:00:00,47.939999,47.900002,48.09,47.459999,748500.0,41.034237
2014-06-05 00:00:00,48.119999,48.110001,48.200001,47.66,606000.0,41.188305
2014-06-06 00:00:00,47.950001,48.200001,48.369999,47.880001,586100.0,41.042801
2014-06-09 00:00:00,48.110001,47.950001,48.25,47.84,610500.0,41.179749
2014-06-10 00:00:00,47.82,48.169998,48.169998,47.68,532200.0,40.931515
2014-06-11 00:00:00,47.669998,47.799999,47.82,47.470001,376100.0,40.803127
2014-06-12 00:00:00,47.849998,47.720001,47.98,47.23,629600.0,40.957203
2014-06-13 00:00:00,47.939999,47.860001,48.029999,47.610001,400400.0,41.034237
2014-06-16 00:00:00,48.099998,47.91,48.450001,47.790001,705500.0,41.171181
2014-06-17 00:00:00,48.23,48.099998,48.459999,48.049999,509500.0,41.282459
2014-06-18 00:00:00,48.639999,48.25,48.66,48.049999,505600.0,41.633396
2014-06-19 00:00:00,48.439999,48.630001,48.880001,48.419998,614400.0,41.462212
2014-06-20 00:00:00,48.16,48.470001,48.700001,48.130001,689000.0,41.222542
2014-06-23 00:00:00,48.439999,48.25,48.560001,48.02,621500.0,41.462212
2014-06-24 00:00:00,48.5,48.470001,48.860001,48.400002,485900.0,41.513577
2014-06-25 00:00:00,48.740002,48.439999,48.77,48.310001,372400.0,41.718998
2014-06-26 00:00:00,48.790001,48.68,48.889999,48.52,461800.0,41.761799
2014-06-27 00:00:00,49.029999,48.830002,49.25,48.669998,797200.0,41.96722
2014-06-30 00:00:00,49.450001,49.150002,49.5,48.759998,725600.0,42.326729
2014-07-01 00:00:00,49.169998,49.349998,49.549999,49.099998,734500.0,42.087055
2014-07-02 00:00:00,48.5,49.080002,49.200001,48.439999,816300.0,41.513577
2014-07-03 00:00:00,48.060001,48.439999,48.48,47.990002,523100.0,41.136951
2014-07-07 00:00:00,48.099998,47.799999,48.299999,47.68,739900.0,41.171181
2014-07-08 00:00:00,48.610001,47.950001,48.84,47.900002,796800.0,41.607723
2014-07-09 00:00:00,48.470001,48.700001,48.810001,48.290001,421200.0,41.487896
2014-07-10 00:00:00,48.599998,48.400002,48.759998,48.27,437100.0,41.599171
2014-07-11 00:00:00,48.439999,48.57,48.59,48.110001,534400.0,41.462212
2014-07-14 00:00:00,48.220001,48.470001,48.619999,48.209999,524500.0,41.273895
2014-07-15 00:00:00,48.400002,48.25,48.610001,48.220001,535400.0,41.427979
2014-07-16 00:00:00,48.470001,48.549999,48.73,48.049999,451000.0,41.487896
2014-07-17 00:00:00,48.09,48.459999,48.549999,48.040001,418100.0,41.162632
2014-07-18 00:00:00,48.970001,48.279999,48.970001,48.049999,379400.0,41.915859
2014-07-21 00:00:00,48.709999,48.919998,48.919998,48.549999,343800.0,41.693317
2014-07-22 00:00:00,49.009998,48.950001,49.16,48.709999,435700.0,41.950096
2014-07-23 00:00:00,48.740002,49.0,49.009998,48.599998,336900.0,41.718998
2014-07-24 00:00:00,48.779999,48.759998,48.98,48.48,300700.0,41.753235
2014-07-25 00:00:00,48.599998,48.73,48.849998,48.5,347700.0,41.599171
2014-07-28 00:00:00,49.049999,48.439999,49.18,48.439999,440400.0,41.984352
2014-07-29 00:00:00,48.630001,49.02,49.209999,48.580002,385800.0,41.624847
2014-07-30 00:00:00,48.330002,48.700001,49.0,48.189999,589100.0,41.368061
2014-07-31 00:00:00,47.77,48.080002,48.360001,47.700001,857000.0,40.888725
2014-08-01 00:00:00,48.040001,47.720001,48.389999,47.720001,775000.0,41.119835
2014-08-04 00:00:00,47.360001,48.110001,48.220001,46.66,1002600.0,40.537785
2014-08-05 00:00:00,46.599998,47.119999,47.549999,46.439999,1066400.0,39.887268
2014-08-06 00:00:00,46.41,46.330002,46.799999,46.330002,610200.0,39.724632
2014-08-07 00:00:00,46.549999,45.98,46.849998,45.98,837100.0,40.1124
2014-08-08 00:00:00,47.959999,46.599998,47.990002,46.599998,725100.0,41.3274
2014-08-11 00:00:00,47.720001,48.099998,48.419998,47.669998,580800.0,41.120605
2014-08-12 00:00:00,48.110001,48.029999,48.639999,47.700001,540400.0,41.456665
2014-08-13 00:00:00,48.360001,48.16,48.599998,48.16,484500.0,41.6721
2014-08-14 00:00:00,49.27,48.389999,49.389999,48.27,816800.0,42.456242
2014-08-15 00:00:00,49.91,49.34,50.150002,49.290001,1345500.0,43.00774
2014-08-18 00:00:00,49.689999,49.900002,50.16,49.459999,897300.0,42.818169
2014-08-19 00:00:00,49.860001,49.689999,50.32,49.689999,570900.0,42.964645
2014-08-20 00:00:00,49.98,49.740002,50.0,49.57,390900.0,43.068054
2014-08-21 00:00:00,50.080002,49.900002,50.310001,49.77,627400.0,43.154224
2014-08-22 00:00:00,49.66,49.860001,50.09,49.630001,407000.0,42.792309
2014-08-25 00:00:00,49.740002,49.849998,50.130001,49.610001,550100.0,42.861244
2014-08-26 00:00:00,49.630001,49.849998,50.07,49.599998,456000.0,42.766453
2014-08-27 00:00:00,50.380001,49.860001,50.389999,49.799999,537800.0,43.412743
2014-08-28 00:00:00,50.200001,50.130001,50.419998,49.950001,512400.0,43.257629
2014-08-29 00:00:00,50.610001,50.200001,50.639999,49.130001,354700.0,43.610931
2014-09-02 00:00:00,50.139999,50.060001,50.509998,49.900002,758900.0,43.205921
2014-09-03 00:00:00,50.290001,50.0,50.290001,49.779999,528800.0,43.335175
2014-09-04 00:00:00,50.380001,50.32,50.689999,50.080002,605500.0,43.412743
2014-09-05 00:00:00,50.509998,50.290001,50.540001,50.259998,397100.0,43.524757
2014-09-08 00:00:00,50.099998,50.43,50.709999,50.029999,457400.0,43.171459
2014-09-09 00:00:00,49.59,50.139999,50.139999,49.470001,677000.0,42.731991
2014-09-10 00:00:00,49.400002,49.540001,49.549999,49.139999,531900.0,42.568279
2014-09-11 00:00:00,49.650002,49.450001,49.709999,49.34,533100.0,42.78368
2014-09-12 00:00:00,49.139999,49.5,49.630001,48.919998,402400.0,42.344219
2014-09-15 00:00:00,49.18,49.02,49.380001,48.889999,404200.0,42.378685
2014-09-16 00:00:00,49.610001,49.110001,49.77,49.02,353200.0,42.749226
2014-09-17 00:00:00,49.32,49.630001,49.830002,49.200001,504700.0,42.499329
2014-09-18 00:00:00,48.82,49.349998,49.380001,48.810001,445200.0,42.068485
2014-09-19 00:00:00,49.25,49.060001,49.48,49.0,1030000.0,42.439014
2014-09-22 00:00:00,48.77,49.18,49.25,48.77,497700.0,42.025394
2014-09-23 00:00:00,48.209999,48.740002,48.759998,48.189999,609600.0,41.542831
2014-09-24 00:00:00,48.290001,48.310001,48.560001,47.889999,423700.0,41.611774
2014-09-25 00:00:00,48.240002,48.349998,48.540001,48.07,489800.0,41.568687
2014-09-26 00:00:00,48.259998,48.189999,48.389999,47.799999,532600.0,41.585915
2014-09-29 00:00:00,48.290001,48.07,48.330002,47.950001,523800.0,41.611774
2014-09-30 00:00:00,48.23,48.25,48.919998,48.200001,826400.0,41.560074
2014-10-01 00:00:00,48.099998,48.209999,48.529999,47.880001,607600.0,41.44804
2014-10-02 00:00:00,48.009998,48.080002,48.240002,47.75,537000.0,41.370491
2014-10-03 00:00:00,48.189999,48.32,48.560001,47.950001,982300.0,41.525604
2014-10-06 00:00:00,47.919998,48.299999,48.630001,47.580002,1620100.0,41.292942
2014-10-07 00:00:00,48.400002,47.68,48.799999,47.639999,904400.0,41.70657
2014-10-08 00:00:00,49.540001,48.43,49.57,48.279999,801000.0,42.688908
2014-10-09 00:00:00,49.02,49.57,49.91,48.82,721700.0,42.24081
2014-10-10 00:00:00,49.98,49.259998,50.189999,49.150002,1308200.0,43.068054
2014-10-13 00:00:00,49.540001,50.110001,50.310001,49.369999,799600.0,42.688908
2014-10-14 00:00:00,50.299999,49.779999,50.450001,49.599998,1043600.0,43.3438
2014-10-15 00:00:00,49.09,49.889999,49.990002,48.279999,1046400.0,42.30114
2014-10-16 00:00:00,49.279999,48.369999,49.509998,48.369999,754700.0,42.464859
2014-10-17 00:00:00,49.599998,49.5,49.869999,49.099998,634600.0,42.740604
2014-10-20 00:00:00,50.740002,49.75,50.779999,49.639999,645900.0,43.72295
2014-10-21 00:00:00,50.98,50.889999,51.209999,50.549999,559000.0,43.929752
2014-10-22 00:00:00,51.060001,51.130001,51.619999,50.919998,570700.0,43.998695
2014-10-23 00:00:00,51.43,51.18,51.889999,51.169998,590000.0,44.317524
2014-10-24 00:00:00,51.91,51.57,51.990002,51.43,702800.0,44.731136
2014-10-27 00:00:00,51.790001,51.950001,52.0,51.630001,484000.0,44.627731
2014-10-28 00:00:00,52.419998,51.900002,52.450001,51.529999,693300.0,45.170605
2014-10-29 00:00:00,52.209999,52.459999,52.73,51.700001,489700.0,44.989655
2014-10-30 00:00:00,53.119999,52.41,53.130001,52.169998,461600.0,45.773811
2014-10-31 00:00:00,53.369999,53.5,53.509998,52.91,711500.0,45.989239
2014-11-03 00:00:00,53.310001,53.369999,53.619999,53.07,572600.0,45.937534
2014-11-04 00:00:00,52.549999,53.029999,53.490002,52.419998,1014400.0,45.282642
2014-11-05 00:00:00,52.869999,52.959999,53.040001,52.599998,846000.0,45.558372
2014-11-06 00:00:00,51.990002,53.110001,53.220001,51.34,1070400.0,45.064301
2014-11-07 00:00:00,52.360001,51.470001,52.400002,51.290001,714000.0,45.385025
2014-11-10 00:00:00,52.869999,52.52,53.07,52.32,724800.0,45.827087
2014-11-11 00:00:00,52.720001,52.720001,52.990002,52.509998,481300.0,45.697063
2014-11-12 00:00:00,52.349998,52.509998,52.66,52.029999,803900.0,45.376369
2014-11-13 00:00:00,51.869999,52.509998,52.509998,51.790001,518700.0,44.960285
2014-11-14 00:00:00,51.869999,51.790001,52.23,51.669998,565600.0,44.960285
2014-11-17 00:00:00,51.970001,51.740002,52.040001,51.540001,476500.0,45.046982
2014-11-18 00:00:00,52.34,51.970001,52.650002,51.970001,647100.0,45.367695
2014-11-19 00:00:00,52.43,52.32,52.66,52.110001,521400.0,45.445705
2014-11-20 00:00:00,52.16,52.189999,52.580002,52.009998,617900.0,45.21167
2014-11-21 00:00:00,52.279999,52.299999,52.580002,52.009998,484900.0,45.315685
2014-11-24 00:00:00,52.23,52.419998,52.57,52.110001,545700.0,45.272339
2014-11-25 00:00:00,52.060001,52.299999,52.5,52.02,940300.0,45.124981
2014-11-26 00:00:00,52.439999,52.16,52.529999,52.040001,447300.0,45.454365
2014-11-28 00:00:00,53.049999,52.529999,53.27,52.450001,420600.0,45.983109
2014-12-01 00:00:00,52.279999,52.130001,52.759998,52.049999,811000.0,45.315685
2014-12-02 00:00:00,52.599998,52.27,52.650002,52.130001,845700.0,45.593037
2014-12-03 00:00:00,52.68,52.560001,53.0,52.41,930400.0,45.662392
2014-12-04 00:00:00,52.450001,52.740002,52.849998,52.25,753200.0,45.463036
2014-12-05 00:00:00,52.139999,52.200001,52.68,52.049999,722800.0,45.194328
2014-12-08 00:00:00,52.689999,52.330002,53.080002,52.07,839400.0,45.671066
2014-12-09 00:00:00,53.259998,53.0,53.5,52.52,759100.0,46.165134
2014-12-10 00:00:00,52.490002,53.130001,53.73,52.43,617900.0,45.497707
2014-12-11 00:00:00,52.599998,52.5,52.959999,52.43,650400.0,45.593037
2014-12-12 00:00:00,52.369999,52.400002,52.889999,52.150002,670000.0,45.393684
2014-12-15 00:00:00,51.66,52.5,52.650002,51.41,723800.0,44.778275
2014-12-16 00:00:00,51.419998,51.740002,52.25,51.32,760600.0,44.57024
2014-12-17 00:00:00,51.759998,51.18,52.02,51.150002,1324400.0,44.864944
2014-12-18 00:00:00,52.950001,52.099998,52.950001,51.900002,763800.0,45.896427
2014-12-19 00:00:00,52.360001,52.869999,53.220001,52.139999,1242000.0,45.385025
2014-12-22 00:00:00,52.490002,52.349998,52.610001,52.049999,597500.0,45.497707
2014-12-23 00:00:00,53.169998,52.689999,53.27,52.689999,665100.0,46.087116
2014-12-24 00:00:00,53.759998,53.240002,53.889999,53.240002,242600.0,46.59853
2014-12-26 00:00:00,54.02,53.959999,54.25,53.82,429300.0,46.823895
2014-12-29 00:00:00,55.860001,54.060001,56.189999,54.060001,1221000.0,48.418789
2014-12-30 00:00:00,54.279999,55.68,55.68,54.27,701100.0,47.049252
2014-12-31 00:00:00,53.299999,54.529999,54.560001,53.209999,633700.0,46.199806
2015-01-02 00:00:00,53.939999,53.299999,54.040001,53.189999,913100.0,46.754555
2015-01-05 00:00:00,53.110001,53.970001,54.099998,52.900002,707700.0,46.035122
2015-01-06 00:00:00,53.25,53.259998,53.889999,52.919998,1141800.0,46.156475
2015-01-07 00:00:00,53.93,53.630001,54.200001,53.459999,528300.0,46.745884
2015-01-08 00:00:00,54.139999,54.25,54.759998,53.950001,1355400.0,46.927902
2015-01-09 00:00:00,54.299999,54.259998,54.77,53.830002,644800.0,47.066589
2015-01-12 00:00:00,54.130001,54.560001,54.66,53.669998,901200.0,46.919247
2015-01-13 00:00:00,54.25,54.700001,55.25,53.84,1321600.0,47.023262
2015-01-14 00:00:00,55.209999,54.040001,55.240002,53.799999,797400.0,47.855377
2015-01-15 00:00:00,55.25,55.259998,55.459999,55.02,492300.0,47.890038
2015-01-16 00:00:00,55.709999,55.299999,55.759998,54.93,501800.0,48.288769
2015-01-20 00:00:00,56.139999,55.98,56.200001,55.380001,845900.0,48.661484
2015-01-21 00:00:00,56.560001,56.049999,56.59,55.509998,647000.0,49.025528
2015-01-22 00:00:00,56.529999,56.77,56.889999,56.32,574200.0,48.999535
2015-01-23 00:00:00,56.560001,56.630001,57.009998,56.240002,707600.0,49.025528
2015-01-26 00:00:00,56.860001,56.5,56.889999,55.880001,722100.0,49.285572
2015-01-27 00:00:00,56.799999,55.950001,56.919998,55.91,568300.0,49.23357
2015-01-28 00:00:00,56.669998,56.869999,57.310001,56.43,943200.0,49.12088
2015-01-29 00:00:00,57.360001,56.91,57.48,56.580002,588800.0,49.718967
2015-01-30 00:00:00,56.139999,57.34,57.389999,56.099998,830900.0,48.661484
2015-02-02 00:00:00,56.709999,56.169998,56.759998,55.700001,513200.0,49.155563
2015-02-03 00:00:00,56.529999,56.41,56.75,56.169998,681500.0,48.999535
2015-02-04 00:00:00,55.639999,56.259998,56.630001,55.59,777500.0,48.228085
2015-02-05 00:00:00,56.360001,55.75,56.59,55.470001,780200.0,49.125889
2015-02-06 00:00:00,54.830002,56.360001,56.360001,54.529999,980000.0,48.056602
2015-02-09 00:00:00,53.939999,54.810001,54.950001,53.630001,1183200.0,47.276543
2015-02-10 00:00:00,54.299999,54.110001,54.470001,53.98,1335600.0,47.592064
2015-02-11 00:00:00,53.540001,54.139999,54.25,53.23,764400.0,46.925964
2015-02-12 00:00:00,53.610001,53.700001,53.889999,53.189999,739700.0,46.987312
2015-02-13 00:00:00,52.639999,53.580002,53.619999,52.380001,1550900.0,46.137135
2015-02-17 00:00:00,52.75,52.630001,53.27,52.389999,1757700.0,46.233551
2015-02-18 00:00:00,54.110001,52.540001,54.189999,52.529999,944100.0,47.425537
2015-02-19 00:00:00,53.799999,54.150002,54.299999,53.619999,956900.0,47.153828
2015-02-20 00:00:00,53.939999,53.68,54.02,53.360001,536000.0,47.276543
2015-02-23 00:00:00,54.299999,53.939999,54.299999,53.25,1896800.0,47.592064
2015-02-24 00:00:00,54.200001,54.240002,54.41,53.630001,1179000.0,47.504429
2015-02-25 00:00:00,54.459999,54.639999,55.759998,54.23,1226800.0,47.732304
2015-02-26 00:00:00,53.639999,54.549999,54.580002,53.400002,850100.0,47.013603
2015-02-27 00:00:00,54.080002,53.790001,54.189999,53.400002,1095700.0,47.399254
2015-03-02 00:00:00,53.27,53.990002,53.990002,52.490002,1506800.0,46.689316
2015-03-03 00:00:00,53.610001,53.25,53.799999,53.029999,897100.0,46.987312
2015-03-04 00:00:00,53.43,53.32,53.57,53.009998,774700.0,46.829552
2015-03-05 00:00:00,53.919998,53.630001,54.279999,53.619999,1509900.0,47.259007
2015-03-06 00:00:00,52.279999,53.5,53.630001,52.0,1295100.0,45.821613
2015-03-09 00:00:00,52.290001,52.279999,52.529999,52.09,543900.0,45.830379
2015-03-10 00:00:00,52.259998,52.0,52.540001,51.970001,453700.0,45.80407
2015-03-11 00:00:00,52.189999,52.439999,52.630001,52.169998,1013600.0,45.742733
2015-03-12 00:00:00,52.970001,52.5,53.130001,52.419998,586800.0,46.426373
2015-03-13 00:00:00,52.259998,52.82,52.82,51.84,719900.0,45.80407
2015-03-16 00:00:00,52.84,52.43,53.299999,52.299999,712200.0,46.312431
2015-03-17 00:00:00,53.150002,52.720001,53.200001,52.580002,758500.0,46.584141
2015-03-18 00:00:00,54.25,53.330002,54.450001,52.93,924000.0,47.548252
2015-03-19 00:00:00,54.34,54.09,54.630001,53.880001,718200.0,47.627121
2015-03-20 00:00:00,55.02,54.560001,55.049999,54.27,1056000.0,48.223137
2015-03-23 00:00:00,54.599998,54.91,55.0,54.52,592400.0,47.855011
2015-03-24 00:00:00,54.290001,54.560001,55.119999,54.150002,736600.0,47.583302
2015-03-25 00:00:00,53.93,55.040001,55.040001,53.93,674500.0,47.267776
2015-03-26 00:00:00,53.459999,53.860001,54.200001,53.389999,794700.0,46.855835
2015-03-27 00:00:00,54.099998,53.5,54.32,53.5,590200.0,47.416786
2015-03-30 00:00:00,54.310001,54.310001,54.68,53.880001,748600.0,47.600834
2015-03-31 00:00:00,54.209999,54.310001,54.630001,54.169998,1189200.0,47.513195
2015-04-01 00:00:00,54.459999,54.27,54.5,53.77,716700.0,47.732304
2015-04-02 00:00:00,54.889999,54.5,54.939999,54.360001,623000.0,48.10918
2015-04-06 00:00:00,55.18,54.889999,55.509998,54.720001,676000.0,48.363358
2015-04-07 00:00:00,54.68,55.18,55.299999,54.599998,512700.0,47.925133
2015-04-08 00:00:00,54.16,54.830002,54.919998,53.75,808900.0,47.469364
2015-04-09 00:00:00,53.869999,54.110001,54.220001,53.630001,572400.0,47.215199
2015-04-10 00:00:00,54.18,54.130001,54.240002,53.709999,866100.0,47.486893
2015-04-13 00:00:00,53.689999,54.380001,54.450001,53.619999,733300.0,47.05743
2015-04-14 00:00:00,54.009998,53.630001,54.02,53.5,574300.0,47.337902
2015-04-15 00:00:00,53.93,54.07,54.299999,53.900002,686400.0,47.267776
2015-04-16 00:00:00,53.869999,53.900002,54.130001,53.189999,710400.0,47.215199
2015-04-17 00:00:00,53.599998,53.73,53.990002,53.419998,678800.0,46.978554
2015-04-20 00:00:00,54.119999,53.689999,54.799999,53.689999,1031100.0,47.434303
2015-04-21 00:00:00,53.880001,54.419998,54.790001,53.779999,662300.0,47.223957
2015-04-22 00:00:00,54.259998,54.169998,54.290001,53.68,511800.0,47.557007
2015-04-23 00:00:00,54.630001,54.310001,54.900002,54.139999,522200.0,47.88131
2015-04-24 00:00:00,55.450001,54.82,55.669998,54.650002,786600.0,48.600006
2015-04-27 00:00:00,54.610001,55.549999,55.59,54.360001,891900.0,47.863766
2015-04-28 00:00:00,55.040001,54.470001,55.310001,54.27,737700.0,48.240654
2015-04-29 00:00:00,55.049999,54.709999,55.189999,54.380001,780600.0,48.249409
2015-04-30 00:00:00,54.52,54.91,55.049999,54.07,1038500.0,47.784885
2015-05-01 00:00:00,54.299999,54.610001,54.759998,53.91,956300.0,47.592064
2015-05-04 00:00:00,54.619999,54.34,54.990002,54.299999,609900.0,47.87254
2015-05-05 00:00:00,53.459999,54.369999,54.560001,53.32,650600.0,46.855835
2015-05-06 00:00:00,53.060001,53.59,53.900002,52.689999,1016200.0,46.505253
2015-05-07 00:00:00,52.990002,52.939999,53.459999,52.549999,932300.0,46.743431
2015-05-08 00:00:00,52.98,53.360001,53.59,52.84,1003400.0,46.7346
2015-05-11 00:00:00,52.720001,53.040001,53.259998,52.459999,968500.0,46.50526
2015-05-12 00:00:00,52.459999,52.619999,52.779999,52.200001,976800.0,46.275909
2015-05-13 00:00:00,52.23,52.689999,53.0,52.150002,639000.0,46.073017
2015-05-14 00:00:00,52.990002,52.490002,53.0,52.330002,761400.0,46.743431
2015-05-15 00:00:00,53.650002,53.130001,53.669998,53.02,1017000.0,47.325626
2015-05-18 00:00:00,53.860001,53.419998,54.23,53.139999,2025800.0,47.510883
2015-05-19 00:00:00,53.66,53.849998,53.939999,53.490002,601200.0,47.334442
2015-05-20 00:00:00,53.439999,53.630001,53.919998,53.349998,709400.0,47.140377
2015-05-21 00:00:00,53.389999,53.5,53.560001,53.169998,821400.0,47.096275
2015-05-22 00:00:00,52.91,53.380001,53.380001,52.82,867500.0,46.672852
2015-05-26 00:00:00,52.82,52.709999,52.990002,52.400002,697600.0,46.593475
2015-05-27 00:00:00,53.209999,52.990002,53.369999,52.779999,623800.0,46.9375
2015-05-28 00:00:00,52.709999,53.02,53.43,52.529999,1336000.0,46.496426
2015-05-29 00:00:00,52.869999,52.669998,53.139999,52.619999,1205800.0,46.637569
2015-06-01 00:00:00,52.849998,52.900002,53.220001,52.639999,635000.0,46.619938
2015-06-02 00:00:00,52.279999,52.619999,52.790001,52.0,819000.0,46.117126
2015-06-03 00:00:00,51.68,52.290001,52.43,51.470001,821900.0,45.587849
2015-06-04 00:00:00,51.720001,51.529999,51.91,51.5,824200.0,45.623138
2015-06-05 00:00:00,50.790001,51.150002,51.220001,50.560001,836200.0,44.802765
2015-06-08 00:00:00,51.080002,51.18,51.43,50.889999,1019000.0,45.058586
2015-06-09 00:00:00,51.0,51.139999,51.59,50.869999,995000.0,44.987999
2015-06-10 00:00:00,50.759998,51.060001,51.41,50.73,1060700.0,44.776306
2015-06-11 00:00:00,50.93,50.860001,51.099998,50.619999,990800.0,44.926266
2015-06-12 00:00:00,50.5,50.75,50.880001,50.419998,647300.0,44.546955
2015-06-15 00:00:00,49.720001,50.419998,50.57,49.400002,1319800.0,43.858898
2015-06-16 00:00:00,49.349998,49.57,49.939999,49.150002,1710900.0,43.532516
2015-06-17 00:00:00,49.57,49.439999,49.91,49.310001,1254700.0,43.726585
2015-06-18 00:00:00,50.450001,49.639999,50.619999,49.560001,1191300.0,44.502861
2015-06-19 00:00:00,50.310001,50.860001,50.889999,50.299999,1358000.0,44.37936
2015-06-22 00:00:00,50.279999,50.529999,50.790001,50.029999,1012300.0,44.352886
2015-06-23 00:00:00,50.02,50.419998,50.5,49.75,1008400.0,44.123531
2015-06-24 00:00:00,49.700001,49.82,50.080002,49.57,798800.0,43.841263
2015-06-25 00:00:00,49.369999,49.889999,49.919998,49.290001,672200.0,43.550159
2015-06-26 00:00:00,49.700001,49.400002,49.73,49.150002,675000.0,43.841263
2015-06-29 00:00:00,48.93,49.27,49.73,48.900002,781900.0,43.162025
2015-06-30 00:00:00,48.630001,49.240002,49.419998,48.360001,1375700.0,42.897392
2015-07-01 00:00:00,49.169998,48.77,49.279999,48.52,812600.0,43.373737
2015-07-02 00:00:00,49.849998,49.540001,49.869999,49.509998,698700.0,43.973576
2015-07-06 00:00:00,50.209999,49.779999,50.209999,49.68,1562700.0,44.291142
2015-07-07 00:00:00,51.080002,50.25,51.240002,50.23,1176000.0,45.058586
2015-07-08 00:00:00,51.18,50.900002,51.279999,50.57,922700.0,45.146793
2015-07-09 00:00:00,50.18,51.43,51.439999,50.009998,1437500.0,44.264679
2015-07-10 00:00:00,50.790001,50.290001,51.060001,50.009998,834300.0,44.802765
2015-07-13 00:00:00,50.990002,51.07,51.32,50.709999,595500.0,44.979202
2015-07-14 00:00:00,51.189999,51.23,51.439999,50.970001,710700.0,45.155613
2015-07-15 00:00:00,51.25,51.220001,51.279999,50.919998,597900.0,45.20853
2015-07-16 00:00:00,51.779999,51.439999,51.939999,51.200001,560500.0,45.676064
2015-07-17 00:00:00,51.310001,51.84,51.91,51.310001,695300.0,45.261475
2015-07-20 00:00:00,51.360001,51.310001,51.599998,51.0,617700.0,45.305565
2015-07-21 00:00:00,50.759998,51.290001,51.41,50.630001,592600.0,44.776306
2015-07-22 00:00:00,51.139999,50.630001,51.34,50.630001,550500.0,45.111511
2015-07-23 00:00:00,50.439999,51.110001,51.34,50.240002,643400.0,44.494022
2015-07-24 00:00:00,50.939999,50.459999,51.040001,50.43,603400.0,44.935078
2015-07-27 00:00:00,51.610001,50.889999,51.720001,50.779999,794700.0,45.526108
2015-07-28 00:00:00,51.48,51.509998,51.740002,51.080002,747000.0,45.41143
2015-07-29 00:00:00,51.709999,51.369999,51.740002,51.139999,518200.0,45.614315
2015-07-30 00:00:00,51.59,51.57,51.970001,51.439999,537400.0,45.508461
2015-07-31 00:00:00,51.91,51.959999,52.439999,51.630001,523900.0,45.790726
2015-08-03 00:00:00,52.080002,51.919998,52.43,51.84,684700.0,45.940704
2015-08-04 00:00:00,51.23,52.07,52.150002,51.169998,603900.0,45.190899
2015-08-05 00:00:00,51.599998,51.52,52.099998,51.349998,666800.0,45.517277
2015-08-06 00:00:00,51.77,50.91,51.849998,50.580002,1016500.0,45.970146
2015-08-07 00:00:00,52.310001,51.650002,52.549999,51.369999,689700.0,46.449657
2015-08-10 00:00:00,52.259998,52.310001,52.700001,52.099998,529000.0,46.405243
2015-08-11 00:00:00,53.119999,52.380001,53.130001,52.139999,839700.0,47.168896
2015-08-12 00:00:00,53.740002,52.740002,53.84,52.599998,934800.0,47.719444
2015-08-13 00:00:00,54.18,53.639999,54.450001,53.560001,956300.0,48.110153
2015-08-14 00:00:00,54.290001,53.970001,54.310001,53.84,635900.0,48.207825
2015-08-17 00:00:00,54.68,54.400002,54.810001,54.259998,697900.0,48.554142
2015-08-18 00:00:00,54.630001,54.5,54.790001,54.080002,590300.0,48.509747
2015-08-19 00:00:00,54.799999,54.349998,54.869999,54.150002,557600.0,48.660686
2015-08-20 00:00:00,54.189999,54.419998,54.849998,53.900002,1029300.0,48.11903
2015-08-21 00:00:00,54.02,53.59,54.439999,53.59,1036200.0,47.968082
2015-08-24 00:00:00,51.93,52.220001,52.98,50.16,1924800.0,46.112221
2015-08-25 00:00:00,51.349998,52.740002,53.040001,51.349998,1783400.0,45.597195
2015-08-26 00:00:00,52.139999,51.880001,52.290001,50.540001,1448100.0,46.298702
2015-08-27 00:00:00,53.139999,52.669998,53.18,52.209999,1016000.0,47.186665
2015-08-28 00:00:00,53.009998,53.02,53.27,52.549999,1142700.0,47.071239
2015-08-31 00:00:00,51.939999,52.740002,52.740002,51.610001,827800.0,46.121098
2015-09-01 00:00:00,51.060001,51.759998,51.93,50.82,895600.0,45.339691
2015-09-02 00:00:00,51.41,51.580002,51.75,50.880001,1063400.0,45.650478
2015-09-03 00:00:00,52.209999,51.459999,52.419998,51.439999,1256300.0,46.360847
2015-09-04 00:00:00,51.110001,51.669998,51.860001,50.91,1210200.0,45.384094
2015-09-08 00:00:00,51.689999,51.580002,52.040001,51.41,889200.0,45.899109
2015-09-09 00:00:00,51.209999,51.98,52.009998,51.139999,983400.0,45.472885
2015-09-10 00:00:00,51.110001,51.32,51.669998,50.950001,994100.0,45.384094
2015-09-11 00:00:00,51.959999,50.889999,51.98,50.740002,662500.0,46.138859
2015-09-14 00:00:00,52.240002,52.0,52.43,51.880001,967400.0,46.387508
2015-09-15 00:00:00,52.48,52.360001,52.610001,52.09,467400.0,46.600597
2015-09-16 00:00:00,52.84,52.490002,52.950001,52.470001,568800.0,46.920277
2015-09-17 00:00:00,53.32,52.77,53.77,52.75,911500.0,47.346504
2015-09-18 00:00:00,53.5,52.950001,53.950001,52.799999,1000600.0,47.506336
2015-09-21 00:00:00,53.68,53.599998,54.07,53.540001,699400.0,47.666176
2015-09-22 00:00:00,53.580002,53.299999,53.709999,53.200001,786400.0,47.577374
2015-09-23 00:00:00,53.900002,53.52,54.139999,53.439999,908800.0,47.861534
2015-09-24 00:00:00,54.369999,53.639999,54.68,53.580002,793500.0,48.278862
2015-09-25 00:00:00,54.889999,54.5,55.630001,54.380001,1542900.0,48.740608
2015-09-28 00:00:00,54.09,54.860001,54.990002,53.990002,962400.0,48.030239
2015-09-29 00:00:00,54.189999,53.869999,54.27,53.669998,874900.0,48.11903
2015-09-30 00:00:00,55.080002,54.549999,55.099998,54.380001,1109500.0,48.909325
2015-10-01 00:00:00,55.27,55.02,55.310001,54.619999,925200.0,49.07803
2015-10-02 00:00:00,55.630001,55.330002,55.669998,54.68,1192000.0,49.397705
2015-10-05 00:00:00,56.07,55.689999,56.220001,55.549999,1180100.0,49.788422
2015-10-06 00:00:00,55.619999,56.080002,56.139999,55.560001,625000.0,49.388824
2015-10-07 00:00:00,55.349998,55.740002,55.860001,55.189999,778500.0,49.149082
2015-10-08 00:00:00,56.84,55.369999,56.84,55.139999,1143500.0,50.472157
2015-10-09 00:00:00,56.869999,56.82,57.119999,56.509998,964100.0,50.498783
2015-10-12 00:00:00,57.450001,56.939999,57.77,56.830002,639900.0,51.013813
2015-10-13 00:00:00,57.689999,57.330002,57.77,57.18,1022500.0,51.226925
2015-10-14 00:00:00,57.139999,57.669998,58.150002,56.970001,1206800.0,50.738541
2015-10-15 00:00:00,58.209999,56.279999,58.209999,56.029999,1159700.0,51.688656
2015-10-16 00:00:00,58.380001,58.25,58.630001,57.93,951600.0,51.839619
2015-10-19 00:00:00,58.950001,58.360001,58.970001,58.299999,1093300.0,52.345764
2015-10-20 00:00:00,58.599998,58.779999,59.200001,58.580002,820000.0,52.034973
2015-10-21 00:00:00,57.939999,58.84,59.07,57.880001,1188400.0,51.448914
2015-10-22 00:00:00,58.459999,58.080002,58.709999,58.080002,1042200.0,51.910664
2015-10-23 00:00:00,57.630001,58.459999,58.509998,57.450001,829500.0,51.173645
2015-10-26 00:00:00,58.200001,57.75,58.27,57.52,492300.0,51.679783
2015-10-27 00:00:00,57.93,58.09,58.290001,57.779999,692500.0,51.440025
2015-10-28 00:00:00,57.73,57.959999,58.400002,57.040001,719100.0,51.262447
2015-10-29 00:00:00,57.080002,57.369999,57.73,56.34,1025400.0,50.685265
2015-10-30 00:00:00,57.360001,57.189999,57.889999,57.009998,737200.0,50.933903
2015-11-02 00:00:00,57.310001,57.580002,57.91,56.959999,697500.0,50.889503
2015-11-03 00:00:00,57.73,57.23,57.98,56.919998,1000100.0,51.262447
2015-11-04 00:00:00,57.98,57.709999,57.98,57.349998,1076500.0,51.48444
2015-11-05 00:00:00,58.189999,58.040001,58.380001,57.279999,965900.0,51.975704
2015-11-06 00:00:00,55.439999,57.93,58.220001,55.130001,1153400.0,49.519382
2015-11-09 00:00:00,55.790001,55.330002,55.889999,55.16,907800.0,49.832008
2015-11-10 00:00:00,56.630001,55.720001,56.66,55.59,636000.0,50.582298
2015-11-11 00:00:00,56.889999,56.66,57.169998,56.529999,555900.0,50.814529
2015-11-12 00:00:00,56.470001,56.75,57.540001,56.34,479000.0,50.439392
2015-11-13 00:00:00,56.009998,56.369999,56.830002,55.939999,450000.0,50.0285
2015-11-16 00:00:00,56.830002,56.0,56.849998,55.77,470500.0,50.760948
2015-11-17 00:00:00,56.049999,56.759998,56.919998,55.990002,643800.0,50.064243
2015-11-18 00:00:00,57.060001,56.139999,57.119999,56.0,579400.0,50.966381
2015-11-19 00:00:00,57.27,57.080002,57.490002,57.02,519400.0,51.153938
2015-11-20 00:00:00,57.400002,57.310001,57.900002,57.209999,457500.0,51.270065
2015-11-23 00:00:00,57.470001,57.5,57.869999,57.34,623000.0,51.332592
2015-11-24 00:00:00,56.880001,57.16,57.360001,56.5,1067700.0,50.805595
2015-11-25 00:00:00,57.02,56.98,57.18,56.740002,617600.0,50.930641
2015-11-27 00:00:00,58.049999,57.16,58.049999,57.130001,556600.0,51.850658
2015-11-30 00:00:00,57.759998,57.970001,58.400002,57.5,1444800.0,51.591621
2015-12-01 00:00:00,57.869999,57.73,58.439999,57.380001,942400.0,51.689877
2015-12-02 00:00:00,57.150002,57.639999,57.869999,56.959999,659900.0,51.046776
2015-12-03 00:00:00,57.41,57.23,57.459999,56.959999,688300.0,51.278996
2015-12-04 00:00:00,58.009998,57.439999,58.040001,57.419998,702900.0,51.814922
2015-12-07 00:00:00,58.400002,57.75,58.41,57.59,783000.0,52.163273
2015-12-08 00:00:00,58.450001,58.029999,58.700001,57.880001,962900.0,52.207939
2015-12-09 00:00:00,57.91,57.959999,58.759998,57.860001,917900.0,51.725605
2015-12-10 00:00:00,56.77,58.02,58.060001,56.630001,1043300.0,50.707348
2015-12-11 00:00:00,56.720001,56.740002,57.169998,56.400002,751800.0,50.662682
2015-12-14 00:00:00,56.720001,56.700001,57.130001,56.490002,1170700.0,50.662682
2015-12-15 00:00:00,57.189999,56.740002,57.48,56.740002,1127200.0,51.082504
2015-12-16 00:00:00,58.790001,57.529999,58.919998,57.529999,1195600.0,52.51162
2015-12-17 00:00:00,59.290001,58.82,59.779999,58.619999,1886000.0,52.958229
2015-12-18 00:00:00,59.549999,59.169998,59.950001,58.240002,2238900.0,53.190472
2015-12-21 00:00:00,58.27,59.610001,59.619999,58.060001,1134600.0,52.047153
2015-12-22 00:00:00,59.029999,58.580002,59.119999,57.970001,1020300.0,52.72599
2015-12-23 00:00:00,59.57,59.240002,59.75,59.16,782200.0,53.208324
2015-12-24 00:00:00,59.830002,59.419998,60.080002,59.419998,383300.0,53.440559
2015-12-28 00:00:00,60.610001,59.720001,60.650002,59.700001,908800.0,54.137268
2015-12-29 00:00:00,60.599998,60.75,61.200001,60.57,724700.0,54.128315
2015-12-30 00:00:00,60.450001,60.84,60.950001,60.32,476600.0,53.99435
2015-12-31 00:00:00,59.75,60.380001,60.529999,59.580002,538500.0,53.369099
2016-01-04 00:00:00,60.32,59.68,60.59,59.68,1518500.0,53.878235
2016-01-05 00:00:00,60.150002,60.349998,60.459999,59.380001,1317700.0,53.726391
2016-01-06 00:00:00,59.889999,59.66,60.32,59.470001,824000.0,53.494148
2016-01-07 00:00:00,59.439999,59.169998,59.700001,58.900002,1016700.0,53.092205
2016-01-08 00:00:00,59.669998,59.630001,60.279999,59.52,689900.0,53.297646
2016-01-11 00:00:00,60.25,60.080002,60.560001,59.779999,730600.0,53.815712
2016-01-12 00:00:00,60.189999,60.41,60.509998,59.25,915300.0,53.762115
2016-01-13 00:00:00,60.09,60.509998,60.700001,59.860001,782700.0,53.672802
2016-01-14 00:00:00,60.880001,60.029999,61.240002,59.990002,946700.0,54.378418
2016-01-15 00:00:00,60.48,60.459999,60.810001,59.009998,968300.0,54.021133
2016-01-19 00:00:00,61.009998,60.610001,61.360001,60.470001,1087200.0,54.494526
2016-01-20 00:00:00,60.619999,61.009998,61.299999,59.41,1884500.0,54.146191
2016-01-21 00:00:00,60.25,60.689999,60.889999,60.029999,1275600.0,53.815712
2016-01-22 00:00:00,62.439999,60.75,62.950001,60.360001,1272100.0,55.77182
2016-01-25 00:00:00,61.439999,62.759998,62.950001,61.310001,1055900.0,54.878609
2016-01-26 00:00:00,62.349998,61.740002,62.509998,61.509998,999900.0,55.691444
2016-01-27 00:00:00,62.439999,62.349998,62.91,61.959999,874900.0,55.77182
2016-01-28 00:00:00,63.450001,62.75,63.93,62.470001,869500.0,56.673962
2016-01-29 00:00:00,64.910004,64.010002,65.040001,63.610001,1391600.0,57.978039
2016-02-01 00:00:00,65.029999,64.690002,65.629997,64.690002,1292400.0,58.085228
2016-02-02 00:00:00,65.360001,65.129997,65.529999,64.209999,1031700.0,58.37999
2016-02-03 00:00:00,65.879997,65.830002,66.459999,65.5,1164500.0,58.84446
2016-02-04 00:00:00,63.93,65.309998,65.339996,63.709999,1964200.0,57.398937
2016-02-05 00:00:00,63.720001,63.610001,63.970001,63.16,1306400.0,57.210396
2016-02-08 00:00:00,64.290001,63.720001,64.330002,63.25,1005700.0,57.722153
2016-02-09 00:00:00,65.720001,64.139999,66.010002,64.139999,1752500.0,59.006077
2016-02-10 00:00:00,66.68,66.0,66.739998,65.669998,1556800.0,59.867992
2016-02-11 00:00:00,66.080002,66.389999,66.779999,65.449997,1898200.0,59.329288
2016-02-12 00:00:00,65.080002,66.080002,66.370003,64.93,1489100.0,58.431458
2016-02-16 00:00:00,65.150002,65.589996,65.589996,63.630001,1709200.0,58.494289
2016-02-17 00:00:00,64.709999,65.510002,65.510002,64.410004,1837100.0,58.099258
2016-02-18 00:00:00,65.809998,64.739998,66.32,64.650002,1649200.0,59.086864
2016-02-19 00:00:00,65.769997,65.43,66.360001,65.309998,996100.0,59.050953
2016-02-22 00:00:00,66.269997,66.209999,66.43,65.860001,668900.0,59.49987
2016-02-23 00:00:00,66.669998,66.110001,66.860001,66.110001,865900.0,59.85902
2016-02-24 00:00:00,66.690002,66.760002,66.949997,66.07,1178900.0,59.876972
2016-02-25 00:00:00,68.050003,67.599998,68.489998,67.129997,1350600.0,61.098042
2016-02-26 00:00:00,64.809998,67.660004,67.660004,64.660004,2436800.0,58.189045
2016-02-29 00:00:00,64.82,64.709999,66.029999,64.650002,1427100.0,58.198013
2016-03-01 00:00:00,65.300003,65.099998,65.839996,64.93,1120500.0,58.628979
2016-03-02 00:00:00,68.760002,68.25,69.029999,67.059998,13574700.0,61.735519
2016-03-03 00:00:00,67.900002,68.57,68.629997,67.410004,33567100.0,60.963371
2016-03-04 00:00:00,67.870003,67.550003,67.900002,66.629997,3304500.0,60.936428
2016-03-07 00:00:00,67.339996,67.730003,67.839996,67.019997,2151500.0,60.460575
2016-03-08 00:00:00,68.370003,67.339996,68.629997,67.099998,2352600.0,61.385349
2016-03-09 00:00:00,68.690002,68.269997,68.980003,68.080002,1495500.0,61.672661
2016-03-10 00:00:00,68.230003,68.699997,68.980003,67.870003,1711900.0,61.259651
2016-03-11 00:00:00,68.110001,68.75,68.989998,67.839996,2025700.0,61.15192
2016-03-14 00:00:00,68.0,67.959999,68.349998,67.639999,1498700.0,61.053146
2016-03-15 00:00:00,68.589996,67.68,68.970001,67.68,1430400.0,61.582855
2016-03-16 00:00:00,68.900002,68.400002,69.0,67.550003,1543700.0,61.861225
2016-03-17 00:00:00,69.970001,68.889999,70.099998,68.599998,1990300.0,62.821884
2016-03-18 00:00:00,68.010002,69.989998,70.019997,68.0,3278800.0,61.062115
2016-03-21 00:00:00,67.550003,68.010002,68.349998,67.449997,2150400.0,60.649109
2016-03-22 00:00:00,67.610001,67.550003,67.900002,67.360001,1692700.0,60.702984
2016-03-23 00:00:00,67.550003,67.82,67.900002,67.32,1038500.0,60.649109
2016-03-24 00:00:00,67.629997,67.68,67.980003,67.330002,1575900.0,60.720943
2016-03-28 00:00:00,67.139999,67.489998,68.18,67.019997,1208300.0,60.28101
2016-03-29 00:00:00,68.720001,67.169998,68.849998,67.169998,1528900.0,61.6996
2016-03-30 00:00:00,68.610001,68.650002,68.919998,68.150002,1000200.0,61.600822
2016-03-31 00:00:00,68.93,68.75,69.400002,68.470001,1404200.0,61.888142
2016-04-01 00:00:00,69.5,68.839996,69.690002,68.790001,1313900.0,62.399902
2016-04-04 00:00:00,69.620003,69.5,69.830002,68.949997,1231900.0,62.507652
2016-04-05 00:00:00,69.050003,69.57,69.82,68.989998,1655700.0,61.995876
2016-04-06 00:00:00,69.5,69.0,69.510002,68.660004,1379800.0,62.399902
2016-04-07 00:00:00,69.800003,69.400002,70.18,69.230003,1664100.0,62.669247
2016-04-08 00:00:00,70.379997,69.75,70.620003,69.75,1079000.0,63.190006
2016-04-11 00:00:00,70.099998,70.690002,70.82,70.019997,923400.0,62.938606
2016-04-12 00:00:00,70.389999,70.099998,70.449997,69.660004,870700.0,63.198986
2016-04-13 00:00:00,70.389999,70.769997,70.769997,69.620003,871100.0,63.198986
2016-04-14 00:00:00,70.440002,70.169998,70.510002,70.050003,835300.0,63.243874
2016-04-15 00:00:00,71.260002,70.300003,71.43,70.300003,1438400.0,63.980118
2016-04-18 00:00:00,71.699997,71.230003,71.720001,70.709999,940400.0,64.375145
2016-04-19 00:00:00,72.199997,71.699997,72.209999,71.290001,876800.0,64.824066
2016-04-20 00:00:00,70.879997,72.300003,72.400002,70.830002,1171200.0,63.638935
2016-04-21 00:00:00,68.260002,70.580002,70.589996,68.089996,2645300.0,61.286587
2016-04-22 00:00:00,69.239998,68.400002,69.440002,68.400002,1524500.0,62.166451
2016-04-25 00:00:00,70.800003,70.199997,70.800003,69.760002,1618600.0,63.567104
2016-04-26 00:00:00,71.410004,70.889999,71.75,70.82,1280300.0,64.114799
2016-04-27 00:00:00,72.169998,71.629997,72.370003,71.120003,1141700.0,64.797157
2016-04-28 00:00:00,72.389999,71.650002,72.660004,71.510002,956000.0,64.994652
2016-04-29 00:00:00,72.760002,72.080002,72.879997,71.5,1439200.0,65.326874
2016-05-02 00:00:00,74.190002,73.099998,74.269997,72.660004,1578500.0,66.610779
2016-05-03 00:00:00,73.93,74.239998,74.589996,73.540001,1372900.0,66.377342
2016-05-04 00:00:00,74.449997,73.800003,74.889999,73.269997,1409000.0,66.844208
2016-05-05 00:00:00,73.199997,73.889999,74.879997,72.860001,1578600.0,66.054619
2016-05-06 00:00:00,74.019997,73.18,74.099998,72.550003,1583700.0,66.794586
2016-05-09 00:00:00,74.290001,74.190002,74.489998,73.940002,1276500.0,67.038231
2016-05-10 00:00:00,74.510002,74.410004,74.669998,74.07,935800.0,67.236748
2016-05-11 00:00:00,74.519997,74.599998,74.720001,73.870003,975200.0,67.245796
2016-05-12 00:00:00,74.940002,74.540001,75.099998,74.169998,1093900.0,67.624786
2016-05-13 00:00:00,74.709999,74.639999,75.029999,74.190002,713700.0,67.417213
2016-05-16 00:00:00,75.199997,74.389999,75.25,74.25,862000.0,67.859413
2016-05-17 00:00:00,73.330002,75.050003,75.199997,72.830002,1469000.0,66.171951
2016-05-18 00:00:00,72.639999,72.910004,73.989998,71.93,1460900.0,65.549271
2016-05-19 00:00:00,73.400002,72.580002,73.410004,72.150002,908000.0,66.2351
2016-05-20 00:00:00,73.410004,73.599998,73.870003,72.959999,3491900.0,66.244133
2016-05-23 00:00:00,73.150002,73.629997,73.879997,73.089996,881300.0,66.009506
2016-05-24 00:00:00,73.980003,73.449997,74.040001,73.019997,1232200.0,66.758499
2016-05-25 00:00:00,73.279999,74.099998,74.540001,73.080002,1289600.0,66.126831
2016-05-26 00:00:00,73.980003,73.43,74.099998,73.0,1148900.0,66.758499
2016-05-27 00:00:00,74.120003,73.970001,74.220001,73.480003,956800.0,66.884834
2016-05-31 00:00:00,74.099998,74.169998,74.580002,73.839996,1755200.0,66.866798
2016-06-01 00:00:00,75.239998,74.059998,75.239998,73.949997,1044600.0,67.8955
2016-06-02 00:00:00,75.199997,75.239998,75.239998,74.190002,966700.0,67.859413
2016-06-03 00:00:00,76.459999,75.839996,76.75,75.82,1017400.0,68.996399
2016-06-06 00:00:00,75.830002,76.040001,76.330002,75.5,1038900.0,68.427895
2016-06-07 00:00:00,75.970001,75.690002,76.370003,75.57,809100.0,68.554253
2016-06-08 00:00:00,76.709999,75.870003,76.75,75.690002,796100.0,69.222023
2016-06-09 00:00:00,77.470001,76.489998,77.559998,76.18,837800.0,69.907845
2016-06-10 00:00:00,77.5,77.099998,77.760002,77.019997,839900.0,69.934883
2016-06-13 00:00:00,77.660004,77.599998,78.099998,77.480003,996000.0,70.079254
2016-06-14 00:00:00,78.019997,77.32,78.029999,77.0,1188800.0,70.404114
2016-06-15 00:00:00,77.809998,78.25,78.519997,77.150002,948200.0,70.214638
2016-06-16 00:00:00,78.68,77.830002,78.75,77.830002,1129800.0,70.999695
2016-06-17 00:00:00,78.169998,78.540001,78.790001,77.5,2037500.0,70.539505
2016-06-20 00:00:00,77.599998,78.25,78.25,76.75,1999400.0,70.025124
2016-06-21 00:00:00,78.150002,77.800003,78.550003,77.360001,1250800.0,70.521439
2016-06-22 00:00:00,78.260002,78.25,78.5,77.82,908700.0,70.620705
2016-06-23 00:00:00,78.940002,78.5,78.940002,78.080002,922000.0,71.234337
2016-06-24 00:00:00,79.93,77.68,80.889999,77.68,2603000.0,72.12767
2016-06-27 00:00:00,81.709999,80.199997,82.010002,80.029999,1957000.0,73.733925
2016-06-28 00:00:00,82.120003,82.330002,82.57,80.760002,1654800.0,74.103905
2016-06-29 00:00:00,82.32,82.760002,83.190002,82.040001,1544600.0,74.284378
2016-06-30 00:00:00,84.510002,82.589996,84.540001,82.400002,1951800.0,76.260612
2016-07-01 00:00:00,84.099998,84.809998,85.099998,83.080002,1045300.0,75.890633
2016-07-05 00:00:00,84.760002,84.099998,85.239998,83.800003,1303100.0,76.486214
2016-07-06 00:00:00,84.07,83.900002,84.410004,83.029999,1790200.0,75.863548
2016-07-07 00:00:00,82.580002,83.699997,83.849998,82.330002,2064400.0,74.519012
2016-07-08 00:00:00,83.360001,82.190002,83.389999,81.5,1724500.0,75.222855
2016-07-11 00:00:00,82.760002,83.209999,83.209999,82.360001,1753600.0,74.681435
2016-07-12 00:00:00,81.290001,82.510002,82.760002,81.199997,1933700.0,73.354927
2016-07-13 00:00:00,82.0,81.82,82.18,81.610001,1391600.0,73.995628
2016-07-14 00:00:00,81.730003,81.510002,81.879997,81.199997,1174000.0,73.751984
2016-07-15 00:00:00,81.589996,81.860001,82.440002,81.510002,864600.0,73.625664
2016-07-18 00:00:00,81.449997,81.599998,81.949997,81.370003,1456200.0,73.499321
2016-07-19 00:00:00,81.720001,81.610001,81.760002,81.209999,1168200.0,73.742966
2016-07-20 00:00:00,81.589996,81.800003,81.989998,81.330002,885000.0,73.625664
2016-07-21 00:00:00,81.150002,81.379997,81.379997,80.459999,1731000.0,73.228584
2016-07-22 00:00:00,82.839996,81.370003,83.0,81.370003,1385300.0,74.753609
2016-07-25 00:00:00,82.830002,82.959999,83.029999,82.339996,797300.0,74.744621
2016-07-26 00:00:00,82.230003,82.989998,83.209999,82.010002,902100.0,74.203186
2016-07-27 00:00:00,81.470001,81.970001,82.209999,80.629997,1322200.0,73.517357
2016-07-28 00:00:00,82.059998,81.400002,82.370003,81.239998,914700.0,74.049759
2016-07-29 00:00:00,82.580002,82.0,82.989998,82.0,927900.0,74.519012
2016-08-01 00:00:00,82.839996,82.5,83.0,82.32,787500.0,74.753609
2016-08-02 00:00:00,82.07,82.589996,82.75,81.860001,913000.0,74.058777
2016-08-03 00:00:00,81.169998,82.129997,82.300003,81.029999,1069000.0,73.246643
2016-08-04 00:00:00,80.150002,80.620003,80.970001,79.739998,1391200.0,72.661919
2016-08-05 00:00:00,78.480003,80.309998,80.360001,78.190002,2435500.0,71.147919
2016-08-08 00:00:00,77.650002,78.419998,79.129997,77.540001,1857200.0,70.395477
2016-08-09 00:00:00,77.739998,77.739998,77.949997,77.129997,1500500.0,70.477058
2016-08-10 00:00:00,78.110001,77.75,78.169998,77.510002,1073200.0,70.812492
2016-08-11 00:00:00,77.830002,78.110001,78.330002,77.370003,1266300.0,70.558647
2016-08-12 00:00:00,77.760002,78.32,78.529999,77.690002,1121500.0,70.495201
2016-08-15 00:00:00,76.540001,77.790001,78.129997,76.529999,1078800.0,69.389175
2016-08-16 00:00:00,75.529999,76.410004,76.410004,75.349998,1312800.0,68.473541
2016-08-17 00:00:00,76.959999,75.629997,77.040001,74.760002,1687000.0,69.769943
2016-08-18 00:00:00,77.400002,76.849998,77.440002,76.739998,1266500.0,70.168823
2016-08-19 00:00:00,76.440002,77.120003,77.25,75.959999,980200.0,69.298515
2016-08-22 00:00:00,76.629997,76.510002,77.010002,76.370003,740800.0,69.470757
2016-08-23 00:00:00,76.489998,76.589996,76.949997,76.480003,964800.0,69.343849
2016-08-24 00:00:00,76.260002,76.370003,76.5,75.629997,663300.0,69.13533
2016-08-25 00:00:00,76.269997,76.25,76.809998,76.220001,608000.0,69.144386
2016-08-26 00:00:00,74.800003,76.32,76.940002,74.75,1296600.0,67.811737
2016-08-29 00:00:00,75.43,75.110001,75.860001,75.0,1420500.0,68.382881
2016-08-30 00:00:00,74.029999,75.5,75.809998,73.940002,1129700.0,67.113686
2016-08-31 00:00:00,73.989998,74.0,74.169998,73.440002,1164800.0,67.077423
2016-09-01 00:00:00,73.360001,73.730003,73.949997,73.290001,1143500.0,66.506279
2016-09-02 00:00:00,74.800003,73.489998,74.839996,73.379997,1477800.0,67.811737
2016-09-06 00:00:00,75.900002,74.93,76.139999,74.93,1265900.0,68.808975
2016-09-07 00:00:00,76.0,75.769997,76.199997,75.169998,894400.0,68.899635
2016-09-08 00:00:00,75.730003,75.699997,76.309998,75.43,720200.0,68.654861
2016-09-09 00:00:00,72.489998,75.040001,75.209999,72.489998,1523400.0,65.717552
2016-09-12 00:00:00,73.489998,72.379997,73.82,72.120003,1212700.0,66.624107
2016-09-13 00:00:00,72.959999,73.339996,73.639999,72.720001,1242100.0,66.143639
2016-09-14 00:00:00,73.269997,73.099998,73.940002,72.779999,1296700.0,66.424652
2016-09-15 00:00:00,73.720001,73.220001,73.870003,73.120003,892600.0,66.832626
2016-09-16 00:00:00,74.330002,73.57,74.559998,73.57,1876200.0,67.385643
2016-09-19 00:00:00,75.18,74.68,75.260002,74.529999,816600.0,68.156258
2016-09-20 00:00:00,75.150002,75.68,76.059998,75.139999,910900.0,68.129028
2016-09-21 00:00:00,76.769997,75.25,76.849998,75.120003,1186100.0,69.597679
2016-09-22 00:00:00,77.360001,77.110001,77.519997,76.910004,1015700.0,70.132568
2016-09-23 00:00:00,76.489998,77.800003,77.800003,76.480003,1116800.0,69.343849
2016-09-26 00:00:00,76.68,76.550003,77.139999,76.199997,662700.0,69.51609
2016-09-27 00:00:00,76.150002,76.949997,77.419998,76.019997,876000.0,69.035606
2016-09-28 00:00:00,76.230003,76.230003,76.389999,75.57,772900.0,69.108131
2016-09-29 00:00:00,74.980003,75.889999,76.010002,74.760002,939100.0,67.97493
2016-09-30 00:00:00,74.839996,75.510002,75.720001,74.510002,1738900.0,67.848015
2016-10-03 00:00:00,74.059998,74.629997,74.860001,73.830002,1080100.0,67.140869
2016-10-04 00:00:00,71.910004,73.849998,74.18,71.309998,1789900.0,65.191757
2016-10-05 00:00:00,71.169998,72.080002,72.480003,71.120003,1219900.0,64.520866
2016-10-06 00:00:00,71.199997,71.169998,71.389999,70.559998,1466900.0,64.54808
2016-10-07 00:00:00,70.639999,71.779999,72.209999,70.610001,1031100.0,64.040375
2016-10-10 00:00:00,71.379997,70.830002,71.599998,70.82,855100.0,64.711258
2016-10-11 00:00:00,70.489998,71.099998,71.099998,70.120003,916800.0,63.904408
2016-10-12 00:00:00,71.290001,70.489998,71.470001,70.470001,839700.0,64.629662
2016-10-13 00:00:00,71.760002,71.400002,72.300003,71.169998,748200.0,65.055779
2016-10-14 00:00:00,71.730003,71.760002,72.489998,71.459999,866900.0,65.028549
2016-10-17 00:00:00,71.739998,71.93,72.199997,71.629997,538100.0,65.037621
2016-10-18 00:00:00,72.419998,72.230003,72.690002,71.5,954600.0,65.654091
2016-10-19 00:00:00,71.660004,72.190002,72.309998,70.93,1141100.0,64.965088
2016-10-20 00:00:00,71.75,71.75,72.190002,71.510002,664200.0,65.046684
2016-10-21 00:00:00,71.589996,71.269997,71.849998,71.199997,594500.0,64.901634
2016-10-24 00:00:00,72.089996,71.82,72.18,71.610001,846700.0,65.354919
2016-10-25 00:00:00,72.639999,71.980003,72.699997,71.669998,713600.0,65.853516
2016-10-26 00:00:00,72.510002,72.589996,72.870003,72.169998,729400.0,65.735695
2016-10-27 00:00:00,72.32,72.400002,72.550003,71.870003,872600.0,65.563416
2016-10-28 00:00:00,72.529999,72.459999,72.870003,72.089996,739500.0,65.753799
2016-10-31 00:00:00,74.040001,72.809998,74.489998,72.669998,1371900.0,67.122749
2016-11-01 00:00:00,73.050003,74.050003,74.050003,72.910004,1169400.0,66.225235
2016-11-02 00:00:00,72.489998,72.989998,73.0,71.779999,1063500.0,65.717552
2016-11-03 00:00:00,72.089996,71.580002,72.410004,71.32,958600.0,65.354919
2016-11-04 00:00:00,70.589996,72.360001,72.550003,70.580002,1184600.0,63.995056
2016-11-07 00:00:00,71.349998,70.650002,71.360001,69.739998,871900.0,65.029533
2016-11-08 00:00:00,72.419998,71.480003,72.830002,71.480003,803600.0,66.004738
2016-11-09 00:00:00,72.25,73.519997,73.610001,71.989998,1735600.0,65.849792
2016-11-10 00:00:00,71.029999,72.110001,72.18,69.410004,2342400.0,64.737846
2016-11-11 00:00:00,71.279999,70.870003,72.400002,70.870003,1038200.0,64.965698
2016-11-14 00:00:00,70.610001,71.019997,71.449997,69.790001,1231000.0,64.355103
2016-11-15 00:00:00,71.620003,71.139999,71.82,70.940002,1181800.0,65.275597
2016-11-16 00:00:00,71.949997,71.650002,72.120003,70.82,1153700.0,65.576378
2016-11-17 00:00:00,71.790001,71.730003,72.279999,71.5,921100.0,65.430534
2016-11-18 00:00:00,71.830002,71.75,72.260002,71.400002,995500.0,65.466995
2016-11-21 00:00:00,72.440002,72.099998,72.510002,71.760002,829300.0,66.022957
2016-11-22 00:00:00,74.139999,72.639999,74.309998,72.099998,984100.0,67.572365
2016-11-23 00:00:00,72.489998,73.599998,74.309998,72.190002,902000.0,66.068527
2016-11-25 00:00:00,74.360001,72.639999,74.480003,72.639999,550200.0,67.772881
2016-11-28 00:00:00,74.900002,74.669998,75.620003,74.650002,955400.0,68.265045
2016-11-29 00:00:00,75.980003,74.849998,76.120003,74.809998,978300.0,69.249367
2016-11-30 00:00:00,72.470001,75.550003,75.550003,72.459999,1517100.0,66.050285
2016-12-01 00:00:00,71.720001,72.029999,72.400002,70.93,1005800.0,65.366753
2016-12-02 00:00:00,72.519997,72.230003,72.839996,72.07,1142600.0,66.095863
2016-12-05 00:00:00,72.519997,72.129997,72.550003,70.980003,845000.0,66.095863
2016-12-06 00:00:00,72.220001,72.5,72.839996,71.959999,1067900.0,65.822456
2016-12-07 00:00:00,72.660004,72.379997,73.029999,72.239998,1056200.0,66.223465
2016-12-08 00:00:00,73.050003,72.120003,73.129997,71.589996,961400.0,66.578934
2016-12-09 00:00:00,73.019997,73.160004,73.25,72.379997,987400.0,66.551582
2016-12-12 00:00:00,73.739998,72.5,73.75,72.5,1108600.0,67.207809
2016-12-13 00:00:00,74.150002,73.699997,74.57,73.699997,1257600.0,67.581474
2016-12-14 00:00:00,71.940002,74.540001,74.879997,71.870003,1171800.0,65.567253
2016-12-15 00:00:00,71.980003,71.889999,72.32,71.510002,1179500.0,65.603714
2016-12-16 00:00:00,72.879997,72.449997,73.089996,71.919998,2626000.0,66.423988
2016-12-19 00:00:00,73.309998,73.089996,73.519997,72.309998,795200.0,66.81591
2016-12-20 00:00:00,73.190002,73.510002,74.32,73.010002,1193700.0,66.70652
2016-12-21 00:00:00,72.800003,73.360001,73.970001,72.779999,922600.0,66.351074
2016-12-22 00:00:00,72.440002,72.830002,73.169998,72.330002,799400.0,66.022957
2016-12-23 00:00:00,72.949997,72.660004,73.089996,72.510002,393400.0,66.48777
2016-12-27 00:00:00,73.080002,72.75,73.190002,72.580002,507900.0,66.606277
2016-12-28 00:00:00,71.980003,73.120003,73.220001,71.900002,595200.0,65.603714
2016-12-29 00:00:00,72.720001,71.980003,72.790001,71.760002,794200.0,66.278152
2016-12-30 00:00:00,72.360001,72.660004,72.889999,72.029999,775400.0,65.950058
2017-01-03 00:00:00,72.25,72.370003,72.449997,71.510002,806300.0,65.849792
2017-01-04 00:00:00,72.809998,72.489998,73.0,72.160004,640000.0,66.360176
2017-01-05 00:00:00,72.93,72.690002,73.209999,71.720001,763100.0,66.469582
2017-01-06 00:00:00,72.839996,72.650002,73.07,72.449997,919700.0,66.38752
2017-01-09 00:00:00,71.349998,72.879997,73.0,71.190002,794100.0,65.029533
2017-01-10 00:00:00,70.720001,71.209999,71.25,70.519997,1087800.0,64.455322
2017-01-11 00:00:00,70.57,70.660004,71.25,70.32,945600.0,64.318626
2017-01-12 00:00:00,70.690002,70.599998,70.870003,69.959999,949100.0,64.427979
2017-01-13 00:00:00,70.82,70.620003,71.050003,70.400002,589500.0,64.546455
2017-01-17 00:00:00,72.07,71.110001,72.330002,71.010002,957300.0,65.68573
2017-01-18 00:00:00,72.599998,72.010002,72.639999,71.57,1361100.0,66.168777
2017-01-19 00:00:00,71.870003,71.809998,72.519997,71.730003,834300.0,65.503464
2017-01-20 00:00:00,71.93,71.82,72.400002,71.580002,813000.0,65.558151
2017-01-23 00:00:00,71.769997,72.010002,72.209999,71.480003,743500.0,65.412315
2017-01-24 00:00:00,71.910004,71.769997,72.0,71.309998,819100.0,65.539932
2017-01-25 00:00:00,71.720001,71.440002,71.879997,71.0,1202100.0,65.366753
2017-01-26 00:00:00,72.190002,71.669998,72.43,71.5,941300.0,65.795105
2017-01-27 00:00:00,72.309998,72.300003,72.5,72.010002,869300.0,65.904472
2017-01-30 00:00:00,71.910004,71.919998,72.360001,71.550003,1073900.0,65.539932
2017-01-31 00:00:00,73.440002,71.949997,73.470001,71.889999,1062500.0,66.93438
2017-02-01 00:00:00,71.800003,72.910004,72.919998,71.629997,1315400.0,65.439659
2017-02-02 00:00:00,72.989998,71.910004,73.040001,71.760002,1099100.0,66.524223
2017-02-03 00:00:00,72.410004,72.690002,72.970001,72.07,736100.0,66.336441
2017-02-06 00:00:00,72.089996,72.540001,72.540001,71.889999,857500.0,66.043266
2017-02-07 00:00:00,72.089996,72.050003,72.230003,71.699997,783500.0,66.043266
2017-02-08 00:00:00,72.93,72.230003,73.150002,71.940002,790800.0,66.812828
2017-02-09 00:00:00,72.849998,72.93,73.120003,72.459999,716200.0,66.73951
2017-02-10 00:00:00,73.459999,72.870003,73.470001,72.550003,701200.0,67.298378
2017-02-13 00:00:00,73.220001,73.379997,73.699997,72.980003,650300.0,67.078484
2017-02-14 00:00:00,72.809998,72.919998,73.220001,72.529999,777100.0,66.702873
2017-02-15 00:00:00,73.010002,72.470001,73.040001,71.889999,670200.0,66.886124
2017-02-16 00:00:00,73.440002,73.120003,73.730003,73.010002,625400.0,67.280037
2017-02-17 00:00:00,73.809998,73.440002,74.019997,73.160004,2662800.0,67.618996
2017-02-21 00:00:00,74.379997,73.809998,74.440002,73.629997,1024800.0,68.141205
2017-02-22 00:00:00,74.919998,75.0,75.239998,73.050003,1212700.0,68.63591
2017-02-23 00:00:00,75.57,75.010002,75.75,74.980003,993400.0,69.231369
2017-02-24 00:00:00,76.300003,75.709999,76.690002,75.709999,866200.0,69.900146
2017-02-27 00:00:00,76.449997,76.220001,76.75,75.779999,830300.0,70.03756
2017-02-28 00:00:00,78.0,76.489998,78.730003,76.269997,1766400.0,71.457573
2017-03-01 00:00:00,77.660004,77.040001,78.440002,76.879997,1647600.0,71.146088
2017-03-02 00:00:00,77.839996,77.540001,78.110001,77.050003,1341000.0,71.310989
2017-03-03 00:00:00,77.339996,77.879997,78.080002,77.029999,914700.0,70.852913
2017-03-06 00:00:00,77.300003,77.230003,77.589996,77.059998,752600.0,70.816261
2017-03-07 00:00:00,76.889999,77.300003,77.480003,76.849998,692500.0,70.440643
2017-03-08 00:00:00,75.470001,76.32,76.339996,75.25,650600.0,69.139778
2017-03-09 00:00:00,75.279999,75.489998,75.919998,75.089996,557500.0,68.965706
2017-03-10 00:00:00,75.919998,75.809998,76.169998,75.290001,597200.0,69.552017
2017-03-13 00:00:00,76.089996,76.0,76.43,75.919998,674700.0,69.707771
2017-03-14 00:00:00,76.010002,76.0,76.449997,75.830002,367800.0,69.634476
2017-03-15 00:00:00,77.220001,75.519997,77.459999,75.239998,760600.0,70.742973
2017-03-16 00:00:00,75.739998,76.900002,77.040001,75.660004,843800.0,69.387123
2017-03-17 00:00:00,76.199997,75.660004,76.720001,75.57,1876600.0,69.80854
2017-03-20 00:00:00,75.93,76.400002,76.43,75.510002,522400.0,69.561195
2017-03-21 00:00:00,76.489998,76.0,76.779999,75.529999,801300.0,70.074211
2017-03-22 00:00:00,77.160004,76.860001,77.440002,76.860001,859600.0,70.688019
2017-03-23 00:00:00,76.489998,77.0,77.580002,76.290001,647700.0,70.074211
2017-03-24 00:00:00,77.089996,76.629997,77.230003,76.300003,571900.0,70.623886
2017-03-27 00:00:00,76.839996,77.580002,77.669998,76.410004,877600.0,70.394844
2017-03-28 00:00:00,77.190002,76.709999,77.279999,76.440002,951600.0,70.7155
2017-03-29 00:00:00,77.169998,77.07,77.349998,76.470001,1035500.0,70.697174
2017-03-30 00:00:00,77.0,77.050003,77.190002,76.32,949600.0,70.541428
2017-03-31 00:00:00,77.769997,77.089996,78.050003,77.059998,1453700.0,71.246857
2017-04-03 00:00:00,77.139999,77.589996,77.75,76.730003,915900.0,70.669693
2017-04-04 00:00:00,77.720001,77.260002,77.970001,77.099998,735800.0,71.201042
2017-04-05 00:00:00,78.290001,77.699997,78.510002,77.360001,896600.0,71.723244
2017-04-06 00:00:00,77.940002,78.059998,78.290001,77.339996,684900.0,71.402588
2017-04-07 00:00:00,77.900002,78.029999,78.480003,77.849998,540400.0,71.365936
2017-04-10 00:00:00,78.019997,78.0,78.089996,77.480003,487400.0,71.475883
2017-04-11 00:00:00,78.300003,77.940002,78.5,77.75,657300.0,71.732414
2017-04-12 00:00:00,78.82,78.370003,78.839996,78.110001,1039300.0,72.208778
2017-04-13 00:00:00,78.57,78.790001,78.949997,78.129997,581100.0,71.979752
2017-04-17 00:00:00,79.160004,78.599998,79.230003,78.57,788000.0,72.520271
2017-04-18 00:00:00,79.5,79.220001,79.639999,79.019997,660800.0,72.831726
2017-04-19 00:00:00,79.32,79.480003,79.690002,79.010002,723300.0,72.666832
2017-04-20 00:00:00,79.169998,79.32,79.32,78.360001,874000.0,72.529411
2017-04-21 00:00:00,80.510002,79.279999,80.639999,79.209999,1126100.0,73.757027
2017-04-24 00:00:00,80.769997,80.510002,81.260002,80.279999,1101400.0,73.995216
2017-04-25 00:00:00,80.970001,80.5,81.099998,80.5,731800.0,74.178436
2017-04-26 00:00:00,80.230003,80.519997,80.629997,79.639999,1104600.0,73.500504
2017-04-27 00:00:00,80.410004,80.339996,81.489998,80.339996,913300.0,73.665413
2017-04-28 00:00:00,79.760002,80.349998,80.690002,79.559998,1082800.0,73.069939
2017-05-01 00:00:00,78.989998,79.830002,80.050003,78.900002,769900.0,72.364502
2017-05-02 00:00:00,79.110001,79.110001,79.580002,78.830002,1298600.0,72.474457
2017-05-03 00:00:00,77.699997,78.739998,78.739998,77.559998,1254900.0,71.558105
2017-05-04 00:00:00,75.68,76.440002,77.160004,75.269997,1845900.0,69.697762
2017-05-05 00:00:00,76.650002,76.059998,76.860001,75.800003,1069200.0,70.591095
2017-05-08 00:00:00,76.57,76.870003,77.400002,76.32,1331000.0,70.517448
2017-05-09 00:00:00,75.300003,76.260002,76.419998,75.160004,1409200.0,69.347824
2017-05-10 00:00:00,75.68,75.269997,75.919998,75.160004,1121200.0,69.697762
2017-05-11 00:00:00,75.720001,75.440002,75.769997,74.849998,749300.0,69.734619
2017-05-12 00:00:00,76.309998,75.709999,76.690002,75.510002,1078000.0,70.277977
2017-05-15 00:00:00,76.5,76.220001,76.739998,76.129997,798700.0,70.452972
2017-05-16 00:00:00,75.849998,76.690002,76.769997,75.699997,1084900.0,69.854324
2017-05-17 00:00:00,75.550003,75.849998,75.849998,74.879997,983400.0,69.578064
2017-05-18 00:00:00,75.25,75.660004,75.949997,74.629997,1253600.0,69.301765
2017-05-19 00:00:00,75.860001,75.400002,75.919998,74.839996,560800.0,69.863541
2017-05-22 00:00:00,76.370003,75.519997,76.470001,75.5,796700.0,70.333244
2017-05-23 00:00:00,76.57,76.209999,77.0,76.209999,685400.0,70.517448
2017-05-24 00:00:00,77.040001,76.510002,77.139999,76.489998,536900.0,70.950279
2017-05-25 00:00:00,77.730003,77.040001,77.849998,76.720001,630800.0,71.585732
2017-05-26 00:00:00,77.529999,77.900002,77.970001,77.32,703100.0,71.401543
2017-05-30 00:00:00,77.769997,77.459999,78.0,77.139999,840900.0,71.622574
2017-05-31 00:00:00,78.18,77.620003,78.370003,77.599998,1145600.0,72.000153
2017-06-01 00:00:00,78.800003,78.290001,78.849998,77.949997,571400.0,72.571152
2017-06-02 00:00:00,79.0,79.0,79.489998,78.730003,692700.0,72.755341
2017-06-05 00:00:00,78.809998,78.879997,79.25,78.75,536000.0,72.58036
2017-06-06 00:00:00,78.75,79.029999,79.239998,78.639999,612500.0,72.525101
2017-06-07 00:00:00,79.360001,78.940002,79.529999,78.860001,869300.0,73.086899
2017-06-08 00:00:00,78.690002,79.360001,79.360001,78.110001,1023500.0,72.469864
2017-06-09 00:00:00,79.260002,78.620003,79.300003,78.389999,530700.0,72.994789
2017-06-12 00:00:00,79.699997,79.279999,80.169998,79.239998,801600.0,73.400002
2017-06-13 00:00:00,80.18,79.660004,80.32,79.580002,645900.0,73.842064
2017-06-14 00:00:00,81.32,80.830002,81.709999,80.540001,758400.0,74.89196
2017-06-15 00:00:00,82.059998,81.099998,82.139999,81.099998,817700.0,75.573463
2017-06-16 00:00:00,82.629997,82.150002,82.889999,81.830002,1664300.0,76.098412
2017-06-19 00:00:00,81.330002,82.739998,82.790001,81.139999,794900.0,74.901161
2017-06-20 00:00:00,81.290001,81.440002,81.529999,80.949997,477400.0,74.864334
2017-06-21 00:00:00,80.709999,81.120003,81.230003,80.260002,558200.0,74.33017
2017-06-22 00:00:00,81.099998,80.75,81.360001,80.260002,582000.0,74.689354
2017-06-23 00:00:00,81.129997,80.940002,81.57,80.900002,1010700.0,74.716972
2017-06-26 00:00:00,81.209999,81.129997,82.0,81.010002,869700.0,74.790649
2017-06-27 00:00:00,80.07,80.93,81.120003,79.800003,792200.0,73.740761
2017-06-28 00:00:00,79.650002,80.43,80.57,79.599998,771900.0,73.353943
2017-06-29 00:00:00,78.099998,79.199997,79.349998,77.730003,1453900.0,71.926491
2017-06-30 00:00:00,77.949997,78.099998,78.779999,77.849998,993000.0,71.788345
2017-07-03 00:00:00,78.07,78.25,78.540001,77.870003,381800.0,71.898865
2017-07-05 00:00:00,77.910004,78.07,78.239998,77.5,605700.0,71.751511
2017-07-06 00:00:00,77.599998,77.739998,78.110001,77.370003,577900.0,71.466011
2017-07-07 00:00:00,77.760002,77.790001,78.230003,77.529999,659000.0,71.61335
2017-07-10 00:00:00,77.870003,78.019997,78.260002,77.779999,623000.0,71.714684
2017-07-11 00:00:00,77.75,77.949997,78.059998,77.360001,486700.0,71.604149
2017-07-12 00:00:00,78.519997,78.449997,79.120003,78.349998,785700.0,72.313286
2017-07-13 00:00:00,77.760002,78.550003,78.620003,77.690002,672000.0,71.61335
2017-07-14 00:00:00,78.639999,78.330002,78.980003,78.120003,768000.0,72.42379
2017-07-17 00:00:00,79.32,78.639999,79.349998,78.370003,695900.0,73.050041
2017-07-18 00:00:00,79.669998,79.339996,79.93,79.220001,692800.0,73.372375
2017-07-19 00:00:00,80.019997,79.830002,80.139999,79.550003,418300.0,73.694725
2017-07-20 00:00:00,81.0,80.360001,81.25,80.150002,702700.0,74.597244
2017-07-21 00:00:00,81.919998,81.080002,81.919998,80.870003,585200.0,75.444534
2017-07-24 00:00:00,80.93,81.690002,81.690002,80.910004,521000.0,74.532791
2017-07-25 00:00:00,80.760002,80.93,81.120003,80.470001,468400.0,74.376221
2017-07-26 00:00:00,81.349998,80.559998,81.459999,80.440002,307800.0,74.919586
2017-07-27 00:00:00,80.800003,81.349998,81.379997,80.190002,623200.0,74.413063
2017-07-28 00:00:00,81.050003,80.870003,81.150002,80.5,495500.0,74.643303
2017-07-31 00:00:00,81.099998,81.040001,81.360001,80.550003,775000.0,74.689354
2017-08-01 00:00:00,81.379997,81.220001,81.599998,80.910004,599400.0,74.947197
2017-08-02 00:00:00,82.0,81.07,82.110001,80.839996,870400.0,75.518204
2017-08-03 00:00:00,80.650002,81.25,81.550003,79.769997,1203800.0,74.274925
2017-08-04 00:00:00,81.080002,80.650002,81.379997,80.639999,772500.0,74.670929
2017-08-07 00:00:00,81.389999,80.910004,81.690002,80.68,716700.0,75.342064
2017-08-08 00:00:00,81.309998,81.169998,81.589996,80.980003,585700.0,75.267998
2017-08-09 00:00:00,81.68,81.279999,81.879997,81.010002,891400.0,75.610497
2017-08-10 00:00:00,81.360001,81.470001,81.779999,81.139999,595500.0,75.314308
2017-08-11 00:00:00,80.720001,81.209999,81.25,80.25,497200.0,74.721848
2017-08-14 00:00:00,81.330002,80.809998,81.410004,80.440002,763600.0,75.286514
2017-08-15 00:00:00,81.760002,81.050003,81.870003,80.910004,609100.0,75.684578
2017-08-16 00:00:00,81.589996,81.620003,82.18,81.510002,689900.0,75.527191
2017-08-17 00:00:00,81.330002,81.589996,82.0,81.260002,604700.0,75.286514
2017-08-18 00:00:00,81.440002,81.199997,81.980003,80.970001,730300.0,75.388344
2017-08-21 00:00:00,82.080002,81.610001,82.129997,81.519997,526800.0,75.980789
2017-08-22 00:00:00,82.190002,82.150002,82.309998,81.760002,543800.0,76.082626
2017-08-23 00:00:00,81.800003,82.190002,82.190002,81.669998,675500.0,75.721603
2017-08-24 00:00:00,81.669998,81.940002,82.010002,81.339996,1160100.0,75.601257
2017-08-25 00:00:00,81.959999,81.949997,82.379997,81.75,457300.0,75.869713
2017-08-28 00:00:00,82.0,82.099998,82.309998,81.82,551500.0,75.906723
2017-08-29 00:00:00,81.360001,82.0,82.099998,81.330002,630600.0,75.314308
2017-08-30 00:00:00,80.849998,81.300003,81.379997,80.589996,1156100.0,74.842171
2017-08-31 00:00:00,80.900002,80.980003,81.290001,80.529999,1195300.0,74.888489
2017-09-01 00:00:00,80.830002,81.07,81.169998,80.639999,414900.0,74.823677
2017-09-05 00:00:00,80.82,80.860001,80.910004,80.220001,784800.0,74.814415
2017-09-06 00:00:00,80.849998,81.07,81.07,80.389999,662300.0,74.842171
2017-09-07 00:00:00,81.5,81.0,81.720001,80.870003,568300.0,75.443893
2017-09-08 00:00:00,81.959999,81.370003,82.0,80.889999,463800.0,75.869713
2017-09-11 00:00:00,82.919998,81.949997,83.059998,81.949997,553700.0,76.758362
2017-09-12 00:00:00,81.75,82.910004,82.910004,81.370003,591400.0,75.675301
2017-09-13 00:00:00,81.360001,81.900002,81.900002,81.279999,647000.0,75.314308
2017-09-14 00:00:00,82.269997,81.190002,82.309998,80.830002,1039200.0,76.15667
2017-09-15 00:00:00,82.68,82.480003,82.730003,81.980003,1285700.0,76.536201
2017-09-18 00:00:00,82.239998,82.68,82.68,81.629997,658100.0,76.128891
2017-09-19 00:00:00,82.32,82.25,82.669998,81.879997,687800.0,76.202934
2017-09-20 00:00:00,82.400002,82.5,83.139999,81.739998,1628800.0,76.277008
2017-09-21 00:00:00,81.790001,82.290001,82.489998,81.650002,648700.0,75.712334
2017-09-22 00:00:00,82.029999,82.120003,82.529999,81.639999,991000.0,75.934502
2017-09-25 00:00:00,82.480003,82.029999,82.529999,81.559998,954600.0,76.351059
2017-09-26 00:00:00,82.279999,82.410004,82.919998,82.129997,777200.0,76.165916
2017-09-27 00:00:00,81.0,81.779999,82.190002,80.029999,1324000.0,74.981033
2017-09-28 00:00:00,81.110001,80.620003,81.110001,79.940002,1462300.0,75.082863
2017-09-29 00:00:00,80.910004,80.860001,81.050003,80.379997,1985400.0,74.89772
2017-10-02 00:00:00,81.769997,81.18,81.910004,80.889999,885400.0,75.693817
2017-10-03 00:00:00,81.75,81.669998,81.760002,80.900002,606100.0,75.675301
2017-10-04 00:00:00,82.510002,81.760002,82.610001,81.400002,736300.0,76.378838
2017-10-05 00:00:00,82.910004,82.610001,82.93,82.279999,666600.0,76.749123
2017-10-06 00:00:00,82.769997,82.599998,83.019997,82.209999,611000.0,76.619514
2017-10-09 00:00:00,83.209999,82.959999,83.540001,82.879997,622000.0,77.026833
2017-10-10 00:00:00,84.07,83.389999,84.089996,83.269997,712900.0,77.822914
2017-10-11 00:00:00,84.440002,83.910004,84.709999,83.870003,725500.0,78.165413
2017-10-12 00:00:00,85.099998,84.43,85.169998,84.239998,1138900.0,78.776375
2017-10-13 00:00:00,85.019997,85.220001,85.779999,84.800003,909500.0,78.702316
2017-10-16 00:00:00,85.209999,85.019997,85.360001,84.269997,1123400.0,78.878212
2017-10-17 00:00:00,86.029999,85.120003,86.129997,85.029999,1110700.0,79.637268
2017-10-18 00:00:00,86.220001,85.889999,86.260002,85.5,772500.0,79.813141
2017-10-19 00:00:00,87.239998,86.5,87.25,86.410004,740100.0,80.757355
2017-10-20 00:00:00,87.760002,87.32,87.870003,87.129997,1099900.0,81.238716
2017-10-23 00:00:00,87.730003,87.75,87.860001,87.379997,785900.0,81.210953
2017-10-24 00:00:00,86.82,87.720001,87.959999,86.190002,1268500.0,80.368568
2017-10-25 00:00:00,86.93,86.839996,87.010002,85.82,931500.0,80.47039
2017-10-26 00:00:00,87.489998,87.25,88.160004,87.199997,779100.0,80.98877
2017-10-27 00:00:00,87.669998,87.209999,88.199997,87.18,965500.0,81.155403
2017-10-30 00:00:00,87.760002,87.68,87.93,87.529999,855300.0,81.238716
2017-10-31 00:00:00,87.760002,87.540001,87.989998,87.43,641300.0,81.238716
2017-11-01 00:00:00,87.209999,88.0,88.050003,87.040001,831700.0,80.729568
2017-11-02 00:00:00,89.449997,87.989998,90.220001,87.739998,1430300.0,82.803116
2017-11-03 00:00:00,88.760002,88.599998,89.169998,88.029999,951800.0,82.164413
2017-11-06 00:00:00,88.610001,88.709999,89.209999,88.360001,733700.0,82.025543
2017-11-07 00:00:00,90.0,88.860001,90.129997,88.239998,725200.0,83.312279
2017-11-08 00:00:00,90.239998,89.849998,90.489998,89.419998,843600.0,83.534439
2017-11-09 00:00:00,89.309998,89.739998,90.400002,88.709999,965000.0,83.055496
2017-11-10 00:00:00,88.739998,89.050003,89.339996,88.360001,693400.0,82.525398
2017-11-13 00:00:00,89.519997,88.660004,89.779999,88.599998,682400.0,83.250786
2017-11-14 00:00:00,90.709999,89.360001,90.760002,89.279999,690100.0,84.357452
2017-11-15 00:00:00,89.82,90.82,91.389999,89.779999,1085900.0,83.529793
2017-11-16 00:00:00,89.690002,89.919998,89.989998,89.300003,754400.0,83.40889
2017-11-17 00:00:00,89.019997,89.489998,89.739998,88.68,2047600.0,82.785812
2017-11-20 00:00:00,88.379997,89.07,89.279999,88.18,1081700.0,82.190628
2017-11-21 00:00:00,88.580002,88.5,89.059998,88.330002,730200.0,82.376625
2017-11-22 00:00:00,88.660004,88.5,88.949997,88.110001,646600.0,82.451019
2017-11-24 00:00:00,88.739998,88.800003,89.260002,88.580002,198400.0,82.525398
2017-11-27 00:00:00,89.199997,88.629997,89.449997,88.629997,695700.0,82.953178
2017-11-28 00:00:00,89.57,89.610001,89.699997,89.029999,788300.0,83.297295
2017-11-29 00:00:00,90.349998,89.440002,90.669998,89.029999,688900.0,84.022659
2017-11-30 00:00:00,91.559998,90.459999,91.779999,90.339996,899900.0,85.147942
2017-12-01 00:00:00,91.220001,91.709999,91.970001,90.529999,701500.0,84.831749
2017-12-04 00:00:00,91.32,91.389999,91.699997,90.82,1026600.0,84.924744
2017-12-05 00:00:00,90.660004,91.5,91.720001,90.440002,621800.0,84.310959
2017-12-06 00:00:00,90.940002,90.959999,91.199997,90.330002,536100.0,84.571342
2017-12-07 00:00:00,91.080002,90.690002,91.099998,90.300003,515800.0,84.701546
2017-12-08 00:00:00,91.519997,91.050003,91.550003,90.690002,610300.0,85.110718
2017-12-11 00:00:00,92.25,91.550003,92.370003,90.470001,1291800.0,85.789612
2017-12-12 00:00:00,89.32,91.989998,91.989998,89.300003,1270700.0,83.064796
2017-12-13 00:00:00,89.93,89.410004,90.639999,89.300003,989000.0,83.632088
2017-12-14 00:00:00,90.349998,89.900002,90.889999,88.849998,1465800.0,84.022659
2017-12-15 00:00:00,90.82,91.040001,91.779999,90.739998,1782900.0,84.459747
2017-12-18 00:00:00,90.489998,90.769997,91.419998,90.07,785600.0,84.152863
2017-12-19 00:00:00,89.0,90.779999,90.779999,89.0,560800.0,82.767204
2017-12-20 00:00:00,89.339996,89.120003,89.849998,88.989998,695700.0,83.083374
2017-12-21 00:00:00,89.699997,89.209999,90.089996,88.82,1094100.0,83.418182
2017-12-22 00:00:00,90.510002,89.860001,90.860001,89.639999,640200.0,84.171471
2017-12-26 00:00:00,90.419998,90.580002,91.720001,90.360001,795700.0,84.087776
2017-12-27 00:00:00,90.839996,90.57,91.82,90.25,907600.0,84.478348
2017-12-28 00:00:00,91.620003,91.339996,91.690002,90.489998,855300.0,85.203743
2017-12-29 00:00:00,91.489998,91.82,92.269997,91.339996,802400.0,85.08284
2018-01-02 00:00:00,89.080002,91.0,91.480003,88.589996,1139600.0,82.841599
2018-01-03 00:00:00,88.449997,88.510002,89.43,87.910004,946800.0,82.25573
2018-01-04 00:00:00,87.610001,88.269997,88.82,87.349998,931300.0,81.474564
2018-01-05 00:00:00,86.75,87.779999,88.029999,86.360001,1140900.0,80.674767
2018-01-08 00:00:00,87.5,87.0,87.519997,86.800003,1284300.0,81.372261
2018-01-09 00:00:00,86.709999,87.5,87.540001,85.870003,864400.0,80.637581
2018-01-10 00:00:00,85.699997,86.510002,86.510002,85.360001,829000.0,79.698318
2018-01-11 00:00:00,84.739998,84.860001,84.989998,84.019997,1394200.0,78.805542
2018-01-12 00:00:00,80.830002,84.410004,84.620003,80.57,4003600.0,75.169365
2018-01-16 00:00:00,82.220001,81.25,83.599998,80.959999,3111500.0,76.462021
2018-01-17 00:00:00,82.510002,82.089996,82.800003,81.980003,1482100.0,76.73172
2018-01-18 00:00:00,82.410004,82.470001,83.129997,81.830002,1561100.0,76.638718
2018-01-19 00:00:00,83.010002,82.839996,83.529999,82.379997,1323900.0,77.196693
2018-01-22 00:00:00,82.959999,83.449997,83.75,82.660004,1317800.0,77.150192
2018-01-23 00:00:00,84.199997,82.860001,84.699997,82.830002,1114000.0,78.303345
2018-01-24 00:00:00,83.75,84.199997,84.489998,83.629997,853500.0,77.884888
2018-01-25 00:00:00,84.529999,83.970001,84.610001,83.199997,764800.0,78.610245
2018-01-26 00:00:00,84.940002,84.650002,85.0,83.830002,869500.0,78.991531
2018-01-29 00:00:00,83.739998,84.650002,84.650002,83.199997,829800.0,77.875572
2018-01-30 00:00:00,83.110001,82.93,84.029999,82.839996,1030600.0,77.289688
2018-01-31 00:00:00,83.169998,83.269997,83.269997,82.519997,1175200.0,77.345497
2018-02-01 00:00:00,81.839996,83.279999,83.510002,81.529999,1334000.0,76.10862
2018-02-02 00:00:00,81.220001,81.709999,82.290001,81.0,1101800.0,75.532066
2018-02-05 00:00:00,78.82,81.0,81.540001,78.610001,1883700.0,73.300125
2018-02-06 00:00:00,78.959999,78.019997,79.260002,76.790001,2169600.0,73.818977
2018-02-07 00:00:00,77.959999,79.0,79.739998,77.959999,1268700.0,72.884109
2018-02-08 00:00:00,76.059998,77.769997,78.459999,76.040001,1572000.0,71.107803
2018-02-09 00:00:00,77.940002,76.610001,78.68,76.389999,1775400.0,72.865417
2018-02-12 00:00:00,77.919998,78.209999,78.339996,77.07,1016900.0,72.846703
2018-02-13 00:00:00,78.769997,77.830002,78.93,77.309998,921200.0,73.641365
2018-02-14 00:00:00,78.330002,78.099998,78.82,77.68,725600.0,73.230003
2018-02-15 00:00:00,79.709999,78.43,79.720001,78.349998,718100.0,74.520142
2018-02-16 00:00:00,80.5,79.690002,81.059998,79.43,1012700.0,75.258736
2018-02-20 00:00:00,79.849998,80.25,80.830002,79.57,1026000.0,74.651039
2018-02-21 00:00:00,78.849998,79.040001,81.059998,78.82,1250400.0,73.716156
2018-02-22 00:00:00,78.739998,78.870003,79.550003,78.260002,988200.0,73.613319
2018-02-23 00:00:00,80.629997,78.809998,80.800003,78.809998,655800.0,75.380249
2018-02-26 00:00:00,80.800003,81.5,81.639999,80.580002,804200.0,75.539215
2018-02-27 00:00:00,79.959999,80.989998,81.940002,79.730003,986700.0,74.753876
2018-02-28 00:00:00,79.360001,79.879997,80.760002,79.360001,1069300.0,74.19294
2018-03-01 00:00:00,79.150002,79.279999,80.370003,78.389999,1233900.0,73.99662
2018-03-02 00:00:00,78.879997,78.959999,80.139999,78.150002,1373800.0,73.744194
2018-03-05 00:00:00,80.190002,78.730003,80.879997,78.660004,1992400.0,74.968903
2018-03-06 00:00:00,79.690002,80.150002,80.370003,79.510002,1122500.0,74.501465
2018-03-07 00:00:00,80.18,79.43,80.519997,79.150002,1061800.0,74.959557
2018-03-08 00:00:00,80.800003,80.5,81.080002,80.25,948000.0,75.539215
2018-03-09 00:00:00,81.360001,80.93,81.379997,80.459999,665900.0,76.062729
2018-03-12 00:00:00,82.199997,81.349998,82.389999,81.32,959300.0,76.848038
2018-03-13 00:00:00,80.75,82.489998,82.669998,80.629997,916500.0,75.492439
2018-03-14 00:00:00,81.199997,81.040001,81.830002,80.559998,904400.0,75.913132
2018-03-15 00:00:00,81.470001,81.309998,82.230003,81.199997,785300.0,76.165573
2018-03-16 00:00:00,82.160004,81.68,82.400002,81.480003,1952200.0,76.810654
2018-03-19 00:00:00,81.519997,82.160004,82.589996,80.919998,1002800.0,76.212311
2018-03-20 00:00:00,81.419998,81.510002,81.970001,81.199997,645400.0,76.118813
2018-03-21 00:00:00,80.849998,81.43,82.040001,80.589996,570600.0,75.585953
2018-03-22 00:00:00,80.150002,80.900002,82.07,80.099998,791200.0,74.931519
2018-03-23 00:00:00,79.230003,80.760002,81.620003,79.019997,784700.0,74.071411
2018-03-26 00:00:00,79.870003,79.410004,80.010002,78.889999,742400.0,74.669746
2018-03-27 00:00:00,80.690002,80.0,81.690002,79.25,1111400.0,75.436356
2018-03-28 00:00:00,81.190002,80.809998,81.43,80.57,846700.0,75.903809
2018-03-29 00:00:00,82.129997,81.339996,82.540001,81.339996,1069600.0,76.782593
2018-04-02 00:00:00,81.199997,82.290001,82.32,80.459999,927700.0,75.913132
2018-04-03 00:00:00,81.160004,81.099998,81.550003,80.510002,1058100.0,75.87574
2018-04-04 00:00:00,81.199997,80.82,81.449997,80.260002,763400.0,75.913132
2018-04-05 00:00:00,82.110001,81.32,82.209999,80.209999,734100.0,76.763893
2018-04-06 00:00:00,81.919998,82.230003,82.739998,81.82,1216400.0,76.58625
2018-04-09 00:00:00,82.139999,81.870003,82.720001,81.449997,728400.0,76.791962
2018-04-10 00:00:00,81.800003,82.419998,82.650002,81.669998,657300.0,76.474068
2018-04-11 00:00:00,81.809998,81.580002,82.239998,81.330002,794300.0,76.483437
2018-04-12 00:00:00,80.650002,80.900002,81.470001,80.25,2152500.0,75.398964
2018-04-13 00:00:00,80.860001,81.040001,81.580002,80.650002,934700.0,75.595284
2018-04-16 00:00:00,82.620003,82.0,83.0,81.849998,1254200.0,77.240707
2018-04-17 00:00:00,84.07,83.029999,84.449997,82.800003,1032200.0,78.596298
2018-04-18 00:00:00,83.68,84.129997,84.580002,83.68,959400.0,78.231689
2018-04-19 00:00:00,83.660004,83.529999,83.900002,83.150002,896800.0,78.21299
2018-04-20 00:00:00,83.669998,83.690002,83.879997,83.169998,834600.0,78.222321
2018-04-23 00:00:00,84.279999,83.639999,84.290001,83.18,575500.0,78.79261
2018-04-24 00:00:00,84.769997,84.529999,85.239998,84.029999,828200.0,79.25071
2018-04-25 00:00:00,84.75,84.540001,85.230003,84.010002,504300.0,79.23201
2018-04-26 00:00:00,85.889999,85.120003,86.029999,84.32,679900.0,80.297768
2018-04-27 00:00:00,86.779999,85.870003,86.989998,85.809998,936500.0,81.129837
2018-04-30 00:00:00,86.580002,86.910004,87.190002,86.370003,745400.0,80.942863
2018-05-01 00:00:00,86.629997,86.379997,86.800003,86.110001,571400.0,80.989609
2018-05-02 00:00:00,86.230003,86.459999,86.699997,85.559998,916600.0,80.615646
2018-05-03 00:00:00,85.290001,86.019997,86.449997,84.110001,1107400.0,79.736832
2018-05-04 00:00:00,85.720001,85.199997,85.949997,84.610001,555700.0,80.138855
2018-05-07 00:00:00,84.800003,85.800003,85.800003,84.519997,647600.0,79.278763
2018-05-08 00:00:00,83.010002,84.209999,84.620003,82.830002,629800.0,77.605309
2018-05-09 00:00:00,83.230003,83.190002,83.370003,82.449997,853400.0,77.810989
2018-05-10 00:00:00,83.739998,83.400002,83.82,82.900002,607400.0,78.718102
2018-05-11 00:00:00,83.480003,83.900002,83.900002,83.040001,480800.0,78.473701
2018-05-14 00:00:00,82.669998,83.480003,83.830002,82.489998,838100.0,77.712273
2018-05-15 00:00:00,81.480003,82.400002,82.559998,81.029999,806500.0,76.593643
2018-05-16 00:00:00,80.519997,81.529999,81.75,80.32,691800.0,75.6912
2018-05-17 00:00:00,80.339996,80.099998,80.599998,79.949997,723400.0,75.522003
2018-05-18 00:00:00,80.449997,80.610001,80.879997,79.93,765700.0,75.625404
2018-05-21 00:00:00,80.529999,80.519997,80.870003,80.050003,753500.0,75.700615
2018-05-22 00:00:00,80.510002,80.809998,81.129997,80.400002,630400.0,75.681808
2018-05-23 00:00:00,80.940002,80.639999,81.150002,80.559998,644700.0,76.086029
2018-05-24 00:00:00,82.050003,81.169998,82.160004,80.830002,1016200.0,77.129448
2018-05-25 00:00:00,82.989998,82.050003,83.209999,81.879997,1033100.0,78.013084
2018-05-29 00:00:00,83.919998,82.970001,84.519997,82.779999,1052500.0,78.887306
2018-05-30 00:00:00,84.209999,83.75,84.68,83.529999,621600.0,79.15992
2018-05-31 00:00:00,83.139999,83.910004,84.629997,83.07,872600.0,78.154083
2018-06-01 00:00:00,82.129997,83.400002,83.639999,82.0,742400.0,77.204651
2018-06-04 00:00:00,81.639999,82.220001,82.599998,81.43,604500.0,76.744026
2018-06-05 00:00:00,80.470001,81.690002,81.690002,80.260002,812000.0,75.644218
2018-06-06 00:00:00,79.220001,80.68,80.739998,78.910004,1011700.0,74.469162
2018-06-07 00:00:00,79.269997,79.440002,80.089996,78.949997,1497300.0,74.516182
2018-06-08 00:00:00,79.279999,79.529999,79.800003,78.639999,968500.0,74.525581
2018-06-11 00:00:00,78.349998,79.129997,79.410004,77.730003,1059100.0,73.651337
2018-06-12 00:00:00,79.480003,78.260002,79.540001,78.040001,774400.0,74.71357
2018-06-13 00:00:00,78.93,79.489998,79.860001,78.57,970400.0,74.196571
2018-06-14 00:00:00,79.779999,78.959999,79.900002,78.959999,963500.0,74.995575
2018-06-15 00:00:00,81.050003,79.669998,81.139999,78.910004,2407800.0,76.189423
2018-06-18 00:00:00,81.949997,80.839996,81.970001,80.839996,867900.0,77.035446
2018-06-19 00:00:00,82.800003,81.82,83.25,81.82,1234600.0,77.83448
2018-06-20 00:00:00,83.169998,82.959999,83.410004,82.57,815600.0,78.182289
2018-06-21 00:00:00,82.360001,83.089996,83.400002,82.199997,658700.0,77.420868
2018-06-22 00:00:00,83.419998,82.470001,83.589996,82.339996,909500.0,78.417282
2018-06-25 00:00:00,85.300003,83.650002,85.489998,83.330002,1124700.0,80.184555
2018-06-26 00:00:00,85.290001,85.080002,85.989998,85.0,929000.0,80.175133
2018-06-27 00:00:00,85.739998,84.93,86.139999,84.669998,1092100.0,80.59816
2018-06-28 00:00:00,85.510002,85.760002,86.57,85.370003,720000.0,80.381958
2018-06-29 00:00:00,85.379997,85.379997,86.029999,84.910004,833200.0,80.25975
2018-07-02 00:00:00,86.309998,85.589996,86.389999,85.300003,674900.0,81.133972
2018-07-03 00:00:00,86.879997,86.43,87.470001,86.139999,336000.0,81.669807
2018-07-05 00:00:00,87.57,87.040001,87.580002,86.5,682700.0,82.318413
2018-07-06 00:00:00,88.480003,87.610001,88.760002,87.610001,608300.0,83.173836
2018-07-09 00:00:00,85.279999,88.669998,88.669998,85.080002,869400.0,80.165756
2018-07-10 00:00:00,86.239998,84.910004,86.610001,84.220001,685900.0,81.068176
2018-07-11 00:00:00,87.239998,86.470001,87.519997,86.260002,509700.0,82.008209
2018-07-12 00:00:00,87.25,87.25,87.32,86.580002,947400.0,82.017616
2018-07-13 00:00:00,87.699997,87.370003,87.769997,86.889999,452900.0,82.440628
2018-07-16 00:00:00,87.57,87.699997,87.809998,87.059998,620700.0,82.318413
2018-07-17 00:00:00,87.690002,86.959999,88.139999,86.879997,813100.0,82.431213
2018-07-18 00:00:00,87.580002,87.690002,87.779999,86.889999,680700.0,82.32782
2018-07-19 00:00:00,88.529999,87.739998,88.730003,87.489998,519700.0,83.220833
2018-07-20 00:00:00,87.550003,88.260002,88.580002,87.120003,754800.0,82.299629
2018-07-23 00:00:00,87.279999,87.730003,87.970001,86.830002,489400.0,82.045815
2018-07-24 00:00:00,87.419998,86.959999,87.639999,86.040001,516300.0,82.177406
2018-07-25 00:00:00,87.519997,87.470001,87.940002,87.059998,369700.0,82.271408
2018-07-26 00:00:00,88.529999,88.129997,88.68,88.050003,361400.0,83.220833
2018-07-27 00:00:00,88.360001,88.5,88.949997,88.07,371300.0,83.061043
2018-07-30 00:00:00,87.57,88.309998,88.459999,87.360001,393300.0,82.318413
2018-07-31 00:00:00,88.25,87.989998,88.809998,87.620003,829300.0,82.957634
2018-08-01 00:00:00,86.559998,87.919998,87.989998,86.419998,776700.0,81.36898
2018-08-02 00:00:00,87.540001,86.910004,87.980003,86.330002,660600.0,82.290215
2018-08-03 00:00:00,88.050003,87.739998,88.489998,86.989998,572400.0,82.76963
2018-08-06 00:00:00,88.260002,88.480003,88.720001,87.860001,430200.0,82.967041
2018-08-07 00:00:00,88.080002,88.160004,88.18,87.239998,437200.0,82.797844
2018-08-08 00:00:00,88.120003,87.940002,88.370003,87.709999,414500.0,82.835442
2018-08-09 00:00:00,88.220001,87.629997,88.290001,87.470001,436700.0,83.359863
2018-08-10 00:00:00,87.639999,88.300003,88.800003,87.629997,365000.0,82.811798
2018-08-13 00:00:00,87.400002,87.839996,88.050003,87.209999,636300.0,82.585037
2018-08-14 00:00:00,87.589996,87.559998,87.989998,87.400002,453300.0,82.76458
2018-08-15 00:00:00,88.300003,87.919998,88.93,87.580002,659900.0,83.435463
2018-08-16 00:00:00,88.959999,88.150002,89.220001,88.059998,601900.0,84.059105
2018-08-17 00:00:00,89.489998,89.029999,89.93,88.779999,571700.0,84.559898
2018-08-20 00:00:00,89.360001,89.790001,89.959999,89.110001,515000.0,84.437065
2018-08-21 00:00:00,88.970001,89.220001,89.620003,88.709999,505800.0,84.068542
2018-08-22 00:00:00,88.260002,89.139999,89.389999,87.900002,439900.0,83.397659
2018-08-23 00:00:00,88.269997,88.309998,88.809998,87.970001,378800.0,83.407112
2018-08-24 00:00:00,88.849998,88.400002,88.93,87.949997,339900.0,83.955147
2018-08-27 00:00:00,88.050003,88.949997,89.139999,87.610001,580600.0,83.199226
2018-08-28 00:00:00,87.25,87.879997,88.099998,87.010002,594400.0,82.443306
2018-08-29 00:00:00,87.690002,87.68,88.160004,87.419998,873400.0,82.859047
2018-08-30 00:00:00,87.610001,87.919998,88.129997,87.230003,680300.0,82.783463
2018-08-31 00:00:00,87.529999,87.610001,87.919998,87.019997,723600.0,82.707878
2018-09-04 00:00:00,88.800003,87.32,88.900002,87.32,815700.0,83.907921
2018-09-05 00:00:00,89.5,88.690002,89.779999,88.459999,762700.0,84.569336
2018-09-06 00:00:00,89.089996,89.540001,89.690002,88.959999,869700.0,84.181931
2018-09-07 00:00:00,88.220001,88.440002,88.989998,88.029999,937900.0,83.359863
2018-09-10 00:00:00,88.669998,88.690002,88.970001,87.849998,726400.0,83.785072
2018-09-11 00:00:00,88.57,88.5,89.25,88.419998,661900.0,83.690567
2018-09-12 00:00:00,88.410004,88.660004,89.25,88.400002,617700.0,83.539398
2018-09-13 00:00:00,89.279999,88.379997,89.339996,88.330002,667900.0,84.361465
2018-09-14 00:00:00,89.239998,88.940002,89.43,88.709999,856800.0,84.323669
2018-09-17 00:00:00,89.489998,89.529999,89.75,89.029999,795300.0,84.559898
2018-09-18 00:00:00,89.379997,89.25,89.620003,88.93,539700.0,84.455948
2018-09-19 00:00:00,87.580002,89.400002,89.43,87.120003,719700.0,82.755119
2018-09-20 00:00:00,88.43,87.470001,88.540001,86.900002,810900.0,83.558296
2018-09-21 00:00:00,88.599998,88.080002,89.199997,87.949997,1948200.0,83.718918
2018-09-24 00:00:00,87.82,88.510002,88.839996,87.779999,672600.0,82.981873
2018-09-25 00:00:00,86.660004,87.610001,88.07,86.529999,549900.0,81.885811
2018-09-26 00:00:00,85.910004,86.760002,87.25,85.879997,969000.0,81.177109
2018-09-27 00:00:00,86.959999,86.110001,87.330002,85.900002,850000.0,82.169289
2018-09-28 00:00:00,87.970001,87.18,88.040001,87.18,698500.0,83.123634
2018-10-01 00:00:00,87.529999,87.879997,87.889999,87.0,458100.0,82.707878
2018-10-02 00:00:00,88.349998,87.82,88.589996,87.800003,459000.0,83.482674
2018-10-03 00:00:00,87.660004,88.330002,88.919998,86.830002,717100.0,82.830727
2018-10-04 00:00:00,87.669998,87.489998,87.760002,86.760002,609500.0,82.840157
2018-10-05 00:00:00,89.040001,87.629997,89.449997,87.629997,586900.0,84.134697
2018-10-08 00:00:00,89.93,89.230003,90.470001,89.230003,613400.0,84.975647
2018-10-09 00:00:00,90.57,90.07,90.68,89.720001,781900.0,85.580399
2018-10-10 00:00:00,90.489998,90.370003,91.959999,90.360001,985200.0,85.504807
2018-10-11 00:00:00,87.449997,90.790001,90.970001,87.43,1220900.0,82.632263
2018-10-12 00:00:00,87.730003,87.660004,88.120003,86.879997,970800.0,82.896866
2018-10-15 00:00:00,88.0,87.75,88.699997,87.580002,691300.0,83.15197
2018-10-16 00:00:00,90.050003,88.120003,90.199997,87.669998,662100.0,85.089043
2018-10-17 00:00:00,89.949997,89.940002,90.580002,89.470001,933600.0,84.994553
2018-10-18 00:00:00,90.449997,90.419998,90.919998,90.019997,645600.0,85.46701
2018-10-19 00:00:00,91.940002,90.699997,92.370003,90.57,818600.0,86.874916
2018-10-22 00:00:00,91.529999,92.0,92.379997,91.099998,974900.0,86.487511
2018-10-23 00:00:00,89.949997,91.540001,92.209999,89.610001,1218600.0,84.994553
2018-10-24 00:00:00,91.68,90.120003,92.790001,89.839996,1063900.0,86.629242
2018-10-25 00:00:00,89.93,91.239998,91.349998,89.760002,1094900.0,84.975647
2018-10-26 00:00:00,88.230003,90.349998,90.690002,87.449997,1059200.0,83.369308
2018-10-29 00:00:00,89.510002,88.580002,90.050003,88.580002,995100.0,84.578804
2018-10-30 00:00:00,90.18,89.93,90.239998,88.879997,1011200.0,85.211876
2018-10-31 00:00:00,88.529999,90.0,90.089996,88.419998,1182800.0,83.652771
2018-11-01 00:00:00,88.330002,89.370003,89.809998,86.959999,980500.0,83.463799
2018-11-02 00:00:00,87.379997,88.230003,88.550003,86.599998,839400.0,82.566132
2018-11-05 00:00:00,88.209999,87.580002,88.290001,87.5,789200.0,83.350418
2018-11-06 00:00:00,89.099998,88.18,89.169998,88.019997,436600.0,84.191383
2018-11-07 00:00:00,90.089996,89.620003,90.360001,89.470001,767300.0,85.126846
2018-11-08 00:00:00,88.889999,89.650002,90.160004,88.32,819900.0,84.419319
2018-11-09 00:00:00,89.610001,88.68,89.959999,88.269997,704400.0,85.103088
2018-11-12 00:00:00,91.279999,89.480003,92.129997,89.400002,840300.0,86.68911
2018-11-13 00:00:00,91.139999,91.410004,91.720001,90.599998,652800.0,86.556145
2018-11-14 00:00:00,90.379997,91.010002,91.449997,90.110001,734000.0,85.834358
2018-11-15 00:00:00,92.080002,90.139999,92.110001,89.230003,862700.0,87.44886
2018-11-16 00:00:00,93.25,92.760002,93.550003,92.620003,871000.0,88.560028
2018-11-19 00:00:00,93.489998,93.480003,94.449997,92.970001,762200.0,88.787949
2018-11-20 00:00:00,93.019997,93.870003,94.410004,92.739998,869800.0,88.341591
2018-11-21 00:00:00,91.550003,92.720001,92.720001,91.459999,665300.0,86.945511
2018-11-23 00:00:00,92.099998,91.599998,92.459999,91.120003,425600.0,87.467873
2018-11-26 00:00:00,92.25,92.099998,92.349998,91.400002,901200.0,87.610321
2018-11-27 00:00:00,92.110001,92.300003,92.43,91.589996,1118000.0,87.477371
2018-11-28 00:00:00,92.620003,92.309998,92.82,91.949997,977700.0,87.961708
2018-11-29 00:00:00,92.480003,92.660004,93.080002,91.790001,883100.0,87.828751
2018-11-30 00:00:00,95.410004,92.580002,95.410004,92.510002,2473700.0,90.611397
2018-12-03 00:00:00,95.699997,94.839996,95.75,93.730003,1310200.0,90.886803
2018-12-04 00:00:00,95.779999,95.589996,97.349998,95.449997,1300700.0,90.962776
2018-12-06 00:00:00,97.32,96.32,97.339996,95.440002,1471500.0,92.425316
2018-12-07 00:00:00,97.800003,97.040001,98.18,96.290001,1141700.0,92.881187
2018-12-10 00:00:00,97.459999,98.050003,98.050003,95.980003,841000.0,92.558296
2018-12-11 00:00:00,96.480003,97.459999,97.919998,96.339996,1213400.0,91.627579
2018-12-12 00:00:00,97.120003,96.879997,97.610001,96.839996,1824900.0,92.235382
2018-12-13 00:00:00,97.660004,97.260002,98.139999,97.110001,921200.0,92.748245
2018-12-14 00:00:00,97.139999,97.379997,97.800003,95.75,1289700.0,92.254387
2018-12-17 00:00:00,93.580002,97.57,97.599998,93.169998,1265800.0,88.873421
2018-12-18 00:00:00,92.68,94.019997,94.639999,92.220001,1672400.0,88.018684
2018-12-19 00:00:00,92.589996,92.870003,93.559998,91.389999,1214800.0,87.933212
2018-12-20 00:00:00,92.860001,92.43,94.18,91.720001,1414600.0,88.189644
2018-12-21 00:00:00,91.190002,93.360001,95.139999,91.099998,2376300.0,86.603645
2018-12-24 00:00:00,86.309998,91.129997,91.279999,86.269997,576300.0,81.969078
2018-12-26 00:00:00,88.529999,86.470001,88.540001,85.889999,1240600.0,84.077415
2018-12-27 00:00:00,89.410004,88.290001,89.410004,86.970001,1160500.0,84.913162
2018-12-28 00:00:00,90.019997,89.800003,90.809998,89.360001,755100.0,85.492477
2018-12-31 00:00:00,90.769997,90.059998,90.809998,89.290001,585800.0,86.204758
2019-01-02 00:00:00,88.769997,90.449997,90.449997,88.18,981100.0,84.305336
2019-01-03 00:00:00,89.120003,88.650002,90.459999,88.650002,1241400.0,84.637749
2019-01-04 00:00:00,89.790001,88.739998,90.050003,88.0,952300.0,85.274048
2019-01-07 00:00:00,88.839996,89.489998,90.059998,88.629997,724700.0,84.371803
2019-01-08 00:00:00,90.139999,89.010002,90.269997,88.989998,688100.0,85.606445
2019-01-09 00:00:00,88.989998,90.0,90.470001,88.82,1131600.0,84.514282
2019-01-10 00:00:00,90.760002,89.309998,90.900002,89.0,806000.0,86.195244
2019-01-11 00:00:00,90.639999,90.940002,91.099998,90.190002,723500.0,86.081284
2019-01-14 00:00:00,90.43,90.279999,90.459999,89.510002,1573700.0,85.881851
2019-01-15 00:00:00,91.419998,90.330002,92.57,90.330002,1064900.0,86.822044
2019-01-16 00:00:00,91.790001,91.129997,92.099998,90.709999,752700.0,87.173454
2019-01-17 00:00:00,92.559998,91.540001,92.93,91.540001,829800.0,87.904732
2019-01-18 00:00:00,92.610001,92.849998,93.300003,92.199997,801300.0,87.952209
2019-01-22 00:00:00,92.769997,92.419998,93.32,92.059998,1283900.0,88.104172
2019-01-23 00:00:00,94.239998,92.699997,94.32,92.699997,714000.0,89.500229
2019-01-24 00:00:00,94.639999,94.379997,94.809998,93.519997,499300.0,89.880104
2019-01-25 00:00:00,93.269997,94.160004,94.830002,93.099998,838500.0,88.57901
2019-01-28 00:00:00,93.019997,93.339996,93.669998,92.370003,529800.0,88.341591
2019-01-29 00:00:00,93.080002,93.199997,94.07,92.650002,762900.0,88.398582
2019-01-30 00:00:00,93.739998,92.949997,94.650002,92.93,1216500.0,89.025368
2019-01-31 00:00:00,95.669998,94.019997,96.139999,93.440002,2127200.0,90.858315
2019-02-01 00:00:00,95.209999,95.720001,96.0,94.349998,1213900.0,90.421448
2019-02-04 00:00:00,95.580002,94.889999,95.580002,93.900002,1051600.0,90.772835
2019-02-05 00:00:00,95.860001,95.5,96.150002,94.849998,780700.0,91.038765
2019-02-06 00:00:00,95.150002,95.620003,95.790001,94.720001,611300.0,90.795418
2019-02-07 00:00:00,96.870003,95.190002,96.889999,94.839996,915400.0,92.436699
2019-02-08 00:00:00,97.739998,96.650002,97.790001,96.459999,665800.0,93.266869
2019-02-11 00:00:00,97.599998,97.059998,98.230003,97.059998,679100.0,93.133308
2019-02-12 00:00:00,97.669998,97.959999,98.239998,96.830002,668700.0,93.200104
2019-02-13 00:00:00,97.440002,97.300003,97.739998,96.949997,670100.0,92.980629
2019-02-14 00:00:00,97.25,97.739998,98.0,97.169998,798900.0,92.799301
2019-02-15 00:00:00,98.050003,97.739998,98.18,97.389999,909700.0,93.562706
2019-02-19 00:00:00,98.699997,97.900002,98.779999,97.639999,834300.0,94.182953
2019-02-20 00:00:00,98.660004,97.730003,98.980003,96.639999,1831700.0,94.144791
2019-02-21 00:00:00,100.379997,98.510002,100.470001,97.800003,1188700.0,95.786064
2019-02-22 00:00:00,100.980003,100.870003,101.25,100.0,770600.0,96.358612
2019-02-25 00:00:00,100.879997,101.050003,101.330002,100.0,755600.0,96.263176
2019-02-26 00:00:00,101.040001,101.239998,101.269997,100.279999,621700.0,96.415886
2019-02-27 00:00:00,101.040001,100.309998,101.43,100.309998,655900.0,96.415886
2019-02-28 00:00:00,101.620003,101.029999,102.07,100.559998,1006400.0,96.969322
2019-03-01 00:00:00,101.440002,101.459999,101.830002,101.050003,735600.0,96.797554
2019-03-04 00:00:00,101.709999,101.440002,101.989998,100.610001,1328500.0,97.055191
2019-03-05 00:00:00,101.269997,101.790001,102.07,101.019997,1217700.0,96.635353
2019-03-06 00:00:00,101.059998,101.370003,101.68,100.839996,1037500.0,96.434967
2019-03-07 00:00:00,101.650002,101.389999,102.160004,101.32,1225100.0,96.99794
2019-03-08 00:00:00,102.529999,101.690002,102.610001,101.690002,968700.0,97.837677
2019-03-11 00:00:00,104.029999,102.599998,104.089996,102.599998,1785800.0,99.26902
2019-03-12 00:00:00,104.919998,104.169998,105.139999,104.050003,1342900.0,100.118286
2019-03-13 00:00:00,105.110001,104.860001,105.370003,104.639999,1384700.0,100.299591
2019-03-14 00:00:00,104.989998,105.010002,105.790001,104.290001,1508100.0,100.185081
2019-03-15 00:00:00,105.809998,104.900002,106.349998,104.650002,4074400.0,100.96756
2019-03-18 00:00:00,105.129997,105.809998,105.949997,104.480003,1569800.0,100.318687
2019-03-19 00:00:00,104.349998,104.980003,105.400002,103.900002,1010900.0,99.574379
2019-03-20 00:00:00,104.690002,104.43,105.440002,103.889999,834200.0,99.898827
2019-03-21 00:00:00,106.220001,104.529999,106.290001,104.529999,650700.0,101.358803
2019-03-22 00:00:00,106.779999,106.650002,107.709999,106.330002,961200.0,101.893166
2019-03-25 00:00:00,106.690002,106.699997,107.290001,106.019997,1116800.0,101.807289
2019-03-26 00:00:00,107.199997,106.68,107.489998,106.480003,921600.0,102.293961
2019-03-27 00:00:00,105.870003,106.620003,107.059998,105.470001,936500.0,101.024826
2019-03-28 00:00:00,104.32,105.980003,106.080002,103.57,1201700.0,99.545753
2019-03-29 00:00:00,104.260002,104.440002,104.620003,103.870003,1532100.0,99.488503
2019-04-01 00:00:00,103.849998,104.43,104.519997,103.010002,1410200.0,99.097267
2019-04-02 00:00:00,103.709999,104.150002,104.309998,102.940002,1149500.0,98.963676
2019-04-03 00:00:00,104.029999,103.599998,104.370003,102.949997,1155000.0,99.26902
2019-04-04 00:00:00,103.860001,104.089996,104.269997,103.400002,1189400.0,99.106812
2019-04-05 00:00:00,104.919998,103.75,104.970001,103.510002,1054200.0,100.118286
2019-04-08 00:00:00,104.139999,104.699997,105.019997,103.93,775900.0,99.373993
2019-04-09 00:00:00,104.57,104.0,104.589996,103.709999,699300.0,99.784317
2019-04-10 00:00:00,104.029999,104.860001,105.550003,103.910004,774600.0,99.26902
2019-04-11 00:00:00,104.32,104.040001,104.379997,103.709999,863100.0,99.545753
2019-04-12 00:00:00,104.160004,104.050003,104.330002,103.639999,965600.0,99.393082
2019-04-15 00:00:00,103.959999,104.43,104.459999,103.690002,771100.0,99.202225
2019-04-16 00:00:00,102.419998,103.849998,104.489998,102.389999,1376000.0,97.732697
2019-04-17 00:00:00,102.279999,102.360001,102.919998,101.919998,1122800.0,97.599113
2019-04-18 00:00:00,104.699997,102.790001,104.989998,102.739998,1882100.0,99.908363
2019-04-22 00:00:00,104.93,104.360001,105.120003,104.199997,882900.0,100.127846
2019-04-23 00:00:00,104.800003,105.160004,105.650002,104.190002,1115400.0,100.003799
2019-04-24 00:00:00,105.839996,105.410004,106.059998,104.699997,836500.0,100.996185
2019-04-25 00:00:00,106.529999,105.480003,106.839996,105.239998,773600.0,101.654617
2019-04-26 00:00:00,106.879997,107.18,107.940002,106.760002,606700.0,101.988594
2019-04-29 00:00:00,106.419998,106.169998,106.849998,106.019997,534300.0,101.549644
2019-04-30 00:00:00,108.190002,106.610001,108.230003,106.360001,1179500.0,103.23864
2019-05-01 00:00:00,107.099998,107.800003,108.32,106.900002,710100.0,102.198524
2019-05-02 00:00:00,106.68,106.660004,107.07,105.260002,950900.0,101.79776
2019-05-03 00:00:00,107.379997,106.940002,107.589996,106.480003,609700.0,102.465714
2019-05-06 00:00:00,107.209999,107.550003,108.209999,106.739998,664600.0,102.303497
2019-05-07 00:00:00,107.080002,107.160004,107.580002,106.739998,748400.0,102.179436
2019-05-08 00:00:00,105.860001,107.089996,107.269997,105.730003,653100.0,101.015266
2019-05-09 00:00:00,106.279999,105.900002,106.470001,105.379997,536400.0,101.416054
2019-05-10 00:00:00,108.269997,105.68,108.300003,105.559998,776000.0,103.803314
2019-05-13 00:00:00,110.690002,108.029999,111.010002,107.790001,1857900.0,106.123497
2019-05-14 00:00:00,109.839996,110.830002,111.080002,109.779999,1063800.0,105.308563
2019-05-15 00:00:00,110.260002,110.099998,111.279999,109.959999,836400.0,105.711235
2019-05-16 00:00:00,111.169998,109.879997,111.660004,109.709999,704300.0,106.583694
2019-05-17 00:00:00,112.040001,111.099998,112.519997,111.099998,941800.0,107.417801
2019-05-20 00:00:00,111.279999,112.129997,112.599998,110.959999,861800.0,106.689148
2019-05-21 00:00:00,111.419998,111.57,112.519997,111.279999,787800.0,106.82338
2019-05-22 00:00:00,112.82,111.639999,112.860001,111.25,715900.0,108.165619
2019-05-23 00:00:00,113.32,112.82,113.919998,112.800003,751400.0,108.644989
2019-05-24 00:00:00,113.690002,113.5,114.260002,113.459999,678500.0,108.999733
2019-05-28 00:00:00,113.339996,114.160004,114.5,113.0,1516400.0,108.664162
2019-05-29 00:00:00,111.779999,113.580002,113.580002,111.580002,995100.0,107.168518
2019-05-30 00:00:00,111.940002,111.660004,112.599998,111.5,553400.0,107.32193
2019-05-31 00:00:00,113.019997,112.010002,113.260002,111.830002,1081000.0,108.357368
2019-06-03 00:00:00,114.059998,113.419998,114.25,112.720001,697100.0,109.354462
2019-06-04 00:00:00,113.82,113.900002,114.019997,111.720001,946800.0,109.124367
2019-06-05 00:00:00,116.489998,114.669998,116.599998,113.959999,741300.0,111.684227
2019-06-06 00:00:00,117.349998,116.720001,117.580002,116.440002,968100.0,112.508736
2019-06-07 00:00:00,116.290001,118.529999,119.279999,116.290001,1045700.0,111.492462
2019-06-10 00:00:00,115.839996,115.779999,116.120003,114.900002,928300.0,111.061035
2019-06-11 00:00:00,115.379997,115.809998,116.389999,114.660004,966600.0,110.620003
2019-06-12 00:00:00,117.089996,115.860001,117.209999,115.660004,627700.0,112.25946
2019-06-13 00:00:00,116.68,117.809998,117.889999,116.059998,743900.0,111.866371
2019-06-14 00:00:00,118.269997,116.620003,118.709999,116.620003,646100.0,113.390785
2019-06-17 00:00:00,117.620003,118.139999,118.510002,116.75,540500.0,112.767609
2019-06-18 00:00:00,116.639999,118.230003,118.230003,115.849998,828500.0,111.828018
2019-06-19 00:00:00,117.980003,116.0,118.389999,115.599998,705900.0,113.112747
2019-06-20 00:00:00,118.190002,118.190002,118.739998,116.699997,772400.0,113.314064
2019-06-21 00:00:00,118.07,118.339996,118.489998,117.120003,1796000.0,113.199013
2019-06-24 00:00:00,118.400002,118.559998,118.790001,117.309998,997500.0,113.515411
2019-06-25 00:00:00,117.18,118.18,118.720001,116.940002,902300.0,112.345757
2019-06-26 00:00:00,115.309998,116.940002,117.199997,115.010002,820300.0,110.552887
2019-06-27 00:00:00,115.260002,115.809998,116.239998,114.800003,926400.0,110.504944
2019-06-28 00:00:00,116.0,115.050003,116.230003,114.989998,1366200.0,111.214439
2019-07-01 00:00:00,115.730003,115.400002,115.970001,114.260002,1124100.0,110.955574
2019-07-02 00:00:00,117.279999,116.0,117.660004,116.0,816500.0,112.44162
2019-07-03 00:00:00,118.43,117.769997,118.849998,117.690002,583500.0,113.544182
2019-07-05 00:00:00,117.959999,117.660004,118.110001,115.360001,791200.0,113.093567
2019-07-08 00:00:00,118.019997,118.169998,118.5,117.5,689000.0,113.151093
2019-07-09 00:00:00,118.290001,118.269997,118.550003,117.389999,1137600.0,113.409958
2019-07-10 00:00:00,118.709999,118.419998,119.300003,117.860001,776900.0,113.812622
2019-07-11 00:00:00,117.470001,118.43,118.919998,116.779999,1045100.0,112.623802
2019-07-12 00:00:00,116.629997,117.290001,117.559998,115.879997,1095600.0,111.818436
2019-07-15 00:00:00,115.980003,115.580002,116.720001,114.800003,1167600.0,111.195259
2019-07-16 00:00:00,115.760002,115.470001,116.300003,114.279999,1178700.0,110.984337
2019-07-17 00:00:00,116.089996,116.389999,117.07,116.029999,899300.0,111.30072
2019-07-18 00:00:00,117.25,116.349998,117.330002,115.830002,783800.0,112.412865
2019-07-19 00:00:00,114.980003,117.120003,117.32,114.93,886200.0,110.236504
2019-07-22 00:00:00,115.230003,115.75,115.82,114.370003,622400.0,110.476196
2019-07-23 00:00:00,114.470001,115.040001,115.129997,114.120003,899400.0,109.747543
2019-07-24 00:00:00,114.010002,114.790001,114.790001,113.18,772700.0,109.306526
2019-07-25 00:00:00,113.860001,114.209999,115.269997,113.510002,664300.0,109.162712
2019-07-26 00:00:00,115.089996,113.830002,115.160004,113.470001,637700.0,110.341965
2019-07-29 00:00:00,115.309998,115.5,115.599998,114.529999,766000.0,110.552887
2019-07-30 00:00:00,115.110001,115.330002,116.239998,114.580002,659400.0,110.361145
2019-07-31 00:00:00,114.779999,114.93,116.190002,113.980003,1116200.0,110.044754
2019-08-01 00:00:00,117.019997,113.629997,117.610001,113.199997,1667000.0,112.192337
2019-08-02 00:00:00,117.290001,117.330002,118.190002,116.389999,1155900.0,112.45121
2019-08-05 00:00:00,115.379997,117.290001,117.910004,114.629997,1128200.0,110.620003
2019-08-06 00:00:00,117.419998,115.489998,117.690002,114.449997,1130800.0,112.575836
2019-08-07 00:00:00,118.449997,117.589996,119.260002,116.410004,1048600.0,113.563354
2019-08-08 00:00:00,119.410004,117.839996,119.949997,117.43,841900.0,114.969048
2019-08-09 00:00:00,120.550003,119.739998,121.300003,119.150002,770200.0,116.066658
2019-08-12 00:00:00,122.510002,120.769997,122.849998,120.620003,1217600.0,117.953773
2019-08-13 00:00:00,121.830002,122.199997,122.940002,121.029999,887700.0,117.299057
2019-08-14 00:00:00,121.199997,122.519997,123.459999,120.650002,1179700.0,116.692474
2019-08-15 00:00:00,124.5,121.32,124.870003,121.199997,1005600.0,119.869751
2019-08-16 00:00:00,124.220001,124.489998,125.309998,123.410004,1068600.0,119.600174
2019-08-19 00:00:00,123.989998,124.349998,125.309998,121.199997,886400.0,119.378716
2019-08-20 00:00:00,123.610001,124.169998,124.379997,123.239998,710200.0,119.012848
2019-08-21 00:00:00,124.050003,123.279999,124.139999,122.949997,679300.0,119.436501
2019-08-22 00:00:00,124.699997,124.059998,125.040001,123.199997,729700.0,120.062309
2019-08-23 00:00:00,122.809998,124.349998,125.889999,122.239998,1010300.0,118.242607
2019-08-26 00:00:00,124.75,123.339996,124.800003,123.0,451100.0,120.110458
2019-08-27 00:00:00,125.099998,125.169998,126.110001,124.919998,911700.0,120.447433
2019-08-28 00:00:00,126.040001,125.599998,126.790001,125.260002,990800.0,121.352478
2019-08-29 00:00:00,126.900002,126.650002,126.949997,125.480003,663800.0,122.180489
2019-08-30 00:00:00,127.32,127.169998,127.800003,126.5,787300.0,122.584877
2019-09-03 00:00:00,129.5,128.360001,129.600006,127.339996,1083400.0,124.683792
2019-09-04 00:00:00,128.75,129.320007,129.889999,127.699997,1064100.0,123.9617
2019-09-05 00:00:00,126.529999,127.699997,128.279999,125.550003,1273600.0,121.824257
2019-09-06 00:00:00,125.699997,126.620003,127.690002,124.919998,1148800.0,121.025108
2019-09-09 00:00:00,122.360001,125.089996,125.360001,121.800003,1439100.0,117.809334
2019-09-10 00:00:00,120.830002,121.690002,121.93,119.379997,1221900.0,116.33625
2019-09-11 00:00:00,121.25,120.650002,122.230003,119.5,1160200.0,116.740631
2019-09-12 00:00:00,121.760002,122.459999,123.309998,121.370003,1267400.0,117.231667
2019-09-13 00:00:00,121.220001,121.5,121.989998,120.709999,1052300.0,116.711739
2019-09-16 00:00:00,120.980003,121.800003,121.800003,120.410004,699200.0,116.480667
2019-09-17 00:00:00,121.760002,121.089996,122.230003,120.989998,1055000.0,117.231667
2019-09-18 00:00:00,121.519997,122.620003,122.620003,120.849998,1380000.0,117.000587
2019-09-19 00:00:00,122.379997,122.290001,122.709999,120.769997,1261800.0,117.828598
2019-09-20 00:00:00,122.830002,122.0,123.610001,121.650002,1919800.0,118.261864
2019-09-23 00:00:00,122.580002,122.989998,124.07,122.5,1139200.0,118.021164
2019-09-24 00:00:00,124.870003,123.059998,125.300003,122.940002,1535400.0,120.226006
2019-09-25 00:00:00,124.57,124.599998,125.830002,123.870003,1064800.0,119.937157
2019-09-26 00:00:00,125.129997,125.059998,125.580002,124.209999,971200.0,120.476318
2019-09-27 00:00:00,124.239998,125.150002,125.489998,123.800003,885000.0,119.619431
2019-09-30 00:00:00,124.230003,124.540001,125.209999,123.809998,1404200.0,119.609795
2019-10-01 00:00:00,123.860001,123.720001,124.269997,123.080002,972200.0,119.253555
2019-10-02 00:00:00,123.150002,123.120003,124.400002,122.760002,924000.0,118.569969
2019-10-03 00:00:00,123.730003,123.510002,124.010002,122.910004,1063500.0,119.128403
2019-10-04 00:00:00,125.779999,124.080002,125.959999,123.739998,841200.0,121.102142
2019-10-07 00:00:00,124.57,125.68,125.910004,124.199997,752500.0,119.937157
2019-10-08 00:00:00,123.879997,124.610001,124.730003,123.510002,574700.0,119.272804
2019-10-09 00:00:00,124.870003,124.269997,125.220001,124.220001,521000.0,120.226006
2019-10-10 00:00:00,125.050003,124.440002,125.449997,123.860001,599900.0,120.399315
2019-10-11 00:00:00,123.690002,124.860001,125.139999,123.0,887800.0,119.08989
2019-10-14 00:00:00,121.730003,123.699997,123.75,121.589996,841300.0,117.202782
2019-10-15 00:00:00,120.800003,122.029999,122.43,120.389999,886900.0,116.307365
2019-10-16 00:00:00,121.629997,121.0,121.669998,120.160004,1080700.0,117.106476
2019-10-17 00:00:00,122.419998,121.330002,122.739998,121.330002,690900.0,117.867104
2019-10-18 00:00:00,122.410004,122.510002,122.830002,121.75,1089900.0,117.857491
2019-10-21 00:00:00,122.300003,122.099998,122.400002,120.809998,1223100.0,117.751572
2019-10-22 00:00:00,122.389999,122.559998,123.709999,122.080002,824400.0,117.838234
2019-10-23 00:00:00,121.940002,122.459999,123.690002,121.769997,756400.0,117.404961
2019-10-24 00:00:00,122.309998,121.900002,123.220001,121.449997,656800.0,117.761215
2019-10-25 00:00:00,121.110001,122.580002,123.089996,120.480003,507000.0,116.605827
2019-10-28 00:00:00,119.559998,121.199997,121.529999,119.400002,689500.0,115.113487
2019-10-29 00:00:00,119.589996,119.339996,120.029999,118.660004,965800.0,115.142365
2019-10-30 00:00:00,120.970001,120.260002,121.330002,119.699997,777900.0,116.471039
2019-10-31 00:00:00,123.269997,122.379997,123.489998,121.239998,1260800.0,118.685501
2019-11-01 00:00:00,122.779999,123.400002,124.169998,122.440002,1009700.0,118.213722
2019-11-04 00:00:00,120.050003,122.239998,122.550003,119.830002,1136100.0,115.585258
2019-11-05 00:00:00,120.089996,119.620003,120.260002,118.760002,1483200.0,115.623772
2019-11-06 00:00:00,121.589996,120.610001,122.059998,120.32,1161700.0,117.06797
2019-11-07 00:00:00,118.150002,120.470001,121.230003,117.639999,1329100.0,113.755913
2019-11-08 00:00:00,116.300003,117.639999,118.18,115.900002,1111300.0,112.450615
2019-11-11 00:00:00,115.589996,116.580002,117.199997,115.550003,749400.0,111.764099
2019-11-12 00:00:00,115.379997,115.389999,116.330002,114.959999,745500.0,111.56105
2019-11-13 00:00:00,116.93,116.059998,117.169998,115.239998,813800.0,113.059753
2019-11-14 00:00:00,117.849998,117.389999,118.739998,116.779999,580400.0,113.94931
2019-11-15 00:00:00,118.239998,117.980003,118.309998,116.790001,713100.0,114.326385
2019-11-18 00:00:00,118.68,118.629997,119.919998,118.199997,750700.0,114.751823
2019-11-19 00:00:00,119.129997,118.239998,119.639999,117.730003,945500.0,115.186928
2019-11-20 00:00:00,120.57,119.150002,120.690002,119.110001,1547300.0,116.579262
2019-11-21 00:00:00,119.339996,120.779999,120.800003,119.150002,901600.0,115.389977
2019-11-22 00:00:00,119.040001,119.650002,119.730003,118.089996,1117600.0,115.099922
2019-11-25 00:00:00,119.309998,118.980003,119.779999,118.309998,646200.0,115.360977
2019-11-26 00:00:00,121.029999,119.559998,121.059998,119.339996,1102800.0,117.024048
2019-11-27 00:00:00,121.269997,120.959999,121.699997,120.779999,822200.0,117.256104
2019-11-29 00:00:00,121.029999,121.489998,122.470001,120.940002,458200.0,117.024048
2019-12-02 00:00:00,120.300003,120.940002,121.290001,120.089996,758900.0,116.318207
2019-12-03 00:00:00,121.190002,120.769997,121.669998,120.440002,722100.0,117.178757
2019-12-04 00:00:00,122.489998,120.650002,122.610001,120.440002,900400.0,118.435722
2019-12-05 00:00:00,123.379997,121.900002,123.379997,121.900002,790300.0,119.296265
2019-12-06 00:00:00,122.669998,123.129997,123.669998,122.610001,635000.0,118.609764
2019-12-09 00:00:00,122.480003,123.029999,123.300003,122.230003,537400.0,118.426064
2019-12-10 00:00:00,122.349998,122.639999,123.330002,122.129997,767200.0,118.300354
2019-12-11 00:00:00,120.900002,120.0,120.970001,119.0,1118200.0,116.898354
2019-12-12 00:00:00,118.43,120.599998,120.779999,117.970001,1249200.0,114.510109
2019-12-13 00:00:00,119.199997,118.040001,119.580002,117.339996,1023900.0,115.254608
2019-12-16 00:00:00,120.900002,119.43,120.959999,118.93,1020500.0,116.898354
2019-12-17 00:00:00,120.900002,121.419998,121.75,120.709999,1091700.0,116.898354
2019-12-18 00:00:00,121.230003,120.879997,121.550003,119.849998,1115600.0,117.21743
2019-12-19 00:00:00,121.660004,121.389999,122.089996,120.769997,1111300.0,117.633186
2019-12-20 00:00:00,122.720001,122.589996,123.559998,121.669998,1914600.0,118.658104
2019-12-23 00:00:00,121.389999,122.830002,123.110001,120.669998,1073100.0,117.372124
2019-12-24 00:00:00,121.620003,121.099998,122.019997,120.779999,243400.0,117.594513
2019-12-26 00:00:00,121.879997,121.5,122.290001,121.410004,309600.0,117.845901
2019-12-27 00:00:00,122.959999,122.059998,122.970001,121.809998,575500.0,118.890167
2019-12-30 00:00:00,123.050003,122.589996,123.290001,122.519997,737800.0,118.977188
2019-12-31 00:00:00,122.849998,123.25,123.82,122.339996,766800.0,118.783798
2020-01-02 00:00:00,120.199997,123.0,123.160004,119.580002,1618900.0,116.221512
2020-01-03 00:00:00,120.980003,120.440002,122.120003,120.440002,869300.0,116.9757
2020-01-06 00:00:00,120.75,120.989998,121.75,120.489998,765800.0,116.753311
2020-01-07 00:00:00,120.0,120.43,120.970001,119.910004,841000.0,116.028137
2020-01-08 00:00:00,120.489998,119.550003,121.190002,119.230003,1096700.0,116.501915
2020-01-09 00:00:00,122.129997,120.489998,122.220001,120.150002,803600.0,118.087639
2020-01-10 00:00:00,122.559998,122.199997,122.739998,122.150002,754700.0,118.503387
2020-01-13 00:00:00,123.739998,122.769997,124.029999,122.769997,961800.0,119.644341
2020-01-14 00:00:00,124.57,124.0,124.57,123.510002,886100.0,120.446877
2020-01-15 00:00:00,126.879997,125.0,127.029999,124.879997,912600.0,122.680412
2020-01-16 00:00:00,128.570007,127.0,128.729996,126.830002,984200.0,124.314491
2020-01-17 00:00:00,130.440002,128.830002,130.589996,128.809998,1338400.0,126.122581
2020-01-21 00:00:00,133.220001,130.490005,133.399994,130.199997,1666700.0,128.810562
2020-01-22 00:00:00,134.050003,133.800003,134.809998,133.270004,1255000.0,129.613113
2020-01-23 00:00:00,135.289993,134.029999,135.529999,133.809998,933300.0,130.812057
2020-01-24 00:00:00,135.779999,135.289993,136.410004,135.199997,813800.0,131.285828
2020-01-27 00:00:00,135.25,136.0,136.830002,134.929993,703400.0,130.773392
2020-01-28 00:00:00,135.800003,135.529999,136.389999,135.070007,904200.0,131.305176
2020-01-29 00:00:00,136.039993,136.0,136.410004,135.279999,608400.0,131.537247
2020-01-30 00:00:00,136.770004,135.820007,137.119995,135.600006,922700.0,132.243073
2020-01-31 00:00:00,136.199997,136.910004,137.729996,135.440002,1300500.0,131.69194
2020-02-03 00:00:00,136.520004,136.330002,136.949997,136.149994,1253800.0,132.001328
2020-02-04 00:00:00,134.839996,135.949997,136.809998,134.820007,1193000.0,130.376938
2020-02-05 00:00:00,135.070007,134.559998,135.669998,134.089996,923300.0,130.599335
2020-02-06 00:00:00,135.0,134.619995,135.289993,134.169998,669000.0,131.016663
2020-02-07 00:00:00,134.449997,135.880005,136.130005,134.389999,938200.0,130.482864
2020-02-10 00:00:00,135.210007,134.710007,135.550003,134.449997,1400000.0,131.220474
2020-02-11 00:00:00,135.339996,135.529999,135.990005,135.100006,746800.0,131.346619
2020-02-12 00:00:00,135.699997,134.520004,136.110001,134.5,996000.0,131.695999
2020-02-13 00:00:00,136.949997,135.699997,137.229996,135.550003,814200.0,132.909134
2020-02-14 00:00:00,139.320007,137.520004,139.649994,137.009995,1091200.0,135.209198
2020-02-18 00:00:00,139.259995,140.339996,140.570007,139.259995,1478400.0,135.150955
2020-02-19 00:00:00,138.699997,139.070007,141.369995,138.240005,1288700.0,134.607468
2020-02-20 00:00:00,137.300003,138.320007,138.669998,136.5,1022400.0,133.248795
2020-02-21 00:00:00,137.770004,137.410004,138.139999,137.119995,1222200.0,133.704926
2020-02-24 00:00:00,136.529999,136.850006,137.75,135.949997,1219400.0,132.501495
2020-02-25 00:00:00,133.089996,136.710007,136.850006,132.770004,1056500.0,129.162994
2020-02-26 00:00:00,133.039993,132.949997,134.929993,132.589996,1118600.0,129.114456
2020-02-27 00:00:00,127.779999,132.770004,134.389999,127.720001,1277700.0,124.009682
2020-02-28 00:00:00,123.660004,124.110001,125.800003,120.620003,3988800.0,120.011269
2020-03-02 00:00:00,130.839996,124.330002,130.940002,124.080002,1860400.0,126.979393
2020-03-03 00:00:00,131.419998,131.220001,134.75,130.600006,1639200.0,127.542274
2020-03-04 00:00:00,140.309998,133.070007,140.330002,133.070007,1528700.0,136.169968
2020-03-05 00:00:00,139.360001,138.520004,140.490005,136.699997,1218400.0,135.248016
2020-03-06 00:00:00,141.0,136.009995,141.699997,134.630005,1492800.0,136.839615
2020-03-09 00:00:00,137.190002,133.149994,139.779999,132.649994,2322200.0,133.142044
2020-03-10 00:00:00,137.710007,138.149994,140.75,131.300003,2185400.0,133.646698
2020-03-11 00:00:00,129.669998,135.350006,136.630005,128.279999,2157100.0,125.843918
2020-03-12 00:00:00,117.970001,122.209999,127.449997,114.279999,2494900.0,114.489136
2020-03-13 00:00:00,128.289993,121.360001,128.330002,116.540001,1667000.0,124.504631
2020-03-16 00:00:00,118.809998,115.5,132.360001,115.349998,2367600.0,115.304367
2020-03-17 00:00:00,138.5,121.330002,140.289993,120.5,2364400.0,134.413391
2020-03-18 00:00:00,130.080002,129.610001,133.220001,122.629997,2661200.0,126.241814
2020-03-19 00:00:00,115.120003,129.0,130.259995,114.059998,2393300.0,111.723244
2020-03-20 00:00:00,100.690002,115.120003,115.120003,98.25,3441000.0,97.719009
2020-03-23 00:00:00,97.07,100.379997,100.379997,92.0,2780900.0,94.205818
2020-03-24 00:00:00,103.949997,100.709999,105.279999,96.629997,2167300.0,100.88282
2020-03-25 00:00:00,110.449997,103.769997,114.269997,101.349998,1757000.0,107.191032
2020-03-26 00:00:00,119.32,108.529999,121.870003,108.529999,1634100.0,115.799309
2020-03-27 00:00:00,120.769997,116.769997,125.029999,115.0,1169900.0,117.206528
2020-03-30 00:00:00,126.720001,122.860001,127.269997,121.870003,1584200.0,122.980965
2020-03-31 00:00:00,119.559998,124.919998,126.5,117.190002,2831000.0,116.032227
2020-04-01 00:00:00,112.800003,115.0,117.989998,110.559998,1355700.0,109.471687
2020-04-02 00:00:00,117.639999,111.540001,118.449997,110.949997,944800.0,114.168877
2020-04-03 00:00:00,113.32,118.389999,118.800003,112.599998,1187700.0,109.976349
2020-04-06 00:00:00,121.519997,116.199997,123.300003,116.199997,1224000.0,117.934402
2020-04-07 00:00:00,118.269997,124.0,124.949997,116.82,1261400.0,114.780289
2020-04-08 00:00:00,125.349998,119.260002,126.330002,117.650002,952800.0,121.65139
2020-04-09 00:00:00,131.75,126.379997,132.869995,125.599998,1177300.0,127.862549
2020-04-13 00:00:00,127.239998,129.789993,130.479996,125.410004,764900.0,123.485619
2020-04-14 00:00:00,133.610001,131.100006,133.720001,129.509995,904400.0,129.667679
2020-04-15 00:00:00,129.210007,131.389999,132.770004,128.919998,922900.0,125.397514
2020-04-16 00:00:00,131.240005,131.869995,132.740005,129.589996,915500.0,127.367599
2020-04-17 00:00:00,131.759995,132.679993,133.0,128.559998,1189400.0,127.872246
2020-04-20 00:00:00,126.459999,131.75,132.429993,125.870003,773300.0,122.728638
2020-04-21 00:00:00,125.43,125.199997,127.599998,123.779999,1075400.0,121.729034
2020-04-22 00:00:00,127.889999,127.919998,129.800003,126.589996,739900.0,124.116432
2020-04-23 00:00:00,124.68,127.25,129.190002,124.529999,946200.0,121.001152
2020-04-24 00:00:00,125.010002,126.25,126.809998,124.419998,1010900.0,121.321419
2020-04-27 00:00:00,125.75,126.0,126.480003,125.029999,1476200.0,122.039589
2020-04-28 00:00:00,126.519997,127.760002,128.0,125.879997,929400.0,122.786858
2020-04-29 00:00:00,125.720001,127.669998,127.809998,123.739998,934700.0,122.01046
2020-04-30 00:00:00,121.690002,125.0,125.599998,120.099998,1174800.0,118.099373
2020-05-01 00:00:00,119.199997,120.589996,120.760002,118.559998,820800.0,115.682846
2020-05-04 00:00:00,121.459999,119.160004,121.790001,118.300003,720100.0,117.876167
2020-05-05 00:00:00,123.43,121.190002,124.68,121.190002,784000.0,119.78804
2020-05-06 00:00:00,117.779999,123.779999,124.169998,117.529999,1128400.0,114.304749
2020-05-07 00:00:00,119.080002,120.629997,123.519997,118.389999,1119000.0,115.566399
2020-05-08 00:00:00,118.029999,119.169998,120.309998,117.519997,1068400.0,114.547379
2020-05-11 00:00:00,119.489998,117.019997,119.82,115.550003,1091100.0,116.507195
2020-05-12 00:00:00,117.07,119.610001,119.980003,117.050003,908100.0,114.147606
2020-05-13 00:00:00,116.510002,116.989998,116.989998,115.089996,1194700.0,113.601601
2020-05-14 00:00:00,116.269997,115.889999,116.849998,112.5,1039100.0,113.367577
2020-05-15 00:00:00,117.760002,115.650002,118.779999,114.559998,3087000.0,114.820389
2020-05-18 00:00:00,122.510002,120.589996,123.260002,119.68,931100.0,119.451813
2020-05-19 00:00:00,120.169998,122.110001,123.089996,120.110001,756000.0,117.170212
2020-05-20 00:00:00,120.599998,121.279999,122.07,120.190002,683400.0,117.589493
2020-05-21 00:00:00,120.620003,121.0,121.940002,120.059998,685400.0,117.608994
2020-05-22 00:00:00,120.709999,120.160004,121.029999,119.300003,445800.0,117.696739
2020-05-26 00:00:00,120.739998,122.650002,123.800003,120.18,873800.0,117.72599
2020-05-27 00:00:00,120.540001,122.040001,122.269997,118.050003,876500.0,117.530991
2020-05-28 00:00:00,123.720001,122.25,124.589996,122.07,947600.0,120.631607
2020-05-29 00:00:00,127.0,123.709999,127.400002,122.550003,1516800.0,123.82972
2020-06-01 00:00:00,127.769997,126.910004,128.949997,125.699997,794200.0,124.580498
2020-06-02 00:00:00,130.089996,127.699997,130.089996,127.089996,821900.0,126.842598
2020-06-03 00:00:00,132.350006,130.279999,132.559998,129.529999,1117200.0,129.046188
2020-06-04 00:00:00,130.699997,131.360001,132.600006,128.729996,1113300.0,127.437386
2020-06-05 00:00:00,131.559998,131.300003,134.259995,130.720001,827400.0,128.275894
2020-06-08 00:00:00,132.5,130.529999,132.880005,129.75,753300.0,129.192444
2020-06-09 00:00:00,130.699997,131.619995,131.619995,129.179993,857100.0,127.437386
2020-06-10 00:00:00,131.059998,131.0,132.690002,130.169998,614700.0,127.788368
2020-06-11 00:00:00,127.5,129.610001,130.860001,126.75,1024900.0,124.317245
2020-06-12 00:00:00,127.290001,129.649994,129.779999,125.809998,901400.0,124.112503
2020-06-15 00:00:00,129.220001,126.269997,130.429993,124.730003,1212300.0,125.994316
2020-06-16 00:00:00,129.660004,131.490005,132.679993,128.789993,699800.0,126.423332
2020-06-17 00:00:00,129.860001,130.0,130.839996,127.459999,697700.0,126.61834
2020-06-18 00:00:00,129.169998,129.339996,130.169998,127.540001,629200.0,125.945549
2020-06-19 00:00:00,126.360001,131.059998,131.130005,126.360001,1766000.0,123.205711
2020-06-22 00:00:00,126.830002,126.330002,127.599998,125.699997,1127400.0,123.663971
2020-06-23 00:00:00,125.220001,127.709999,128.179993,124.879997,833000.0,122.094162
2020-06-24 00:00:00,124.400002,124.339996,125.199997,123.099998,1038000.0,121.29464
2020-06-25 00:00:00,122.220001,124.400002,124.400002,120.669998,707800.0,119.16906
2020-06-26 00:00:00,124.080002,122.43,125.559998,121.839996,1789400.0,120.982635
2020-06-29 00:00:00,125.370003,124.379997,125.440002,122.489998,617600.0,122.240433
2020-06-30 00:00:00,128.660004,125.470001,129.429993,125.470001,1228700.0,125.448296
2020-07-01 00:00:00,130.619995,128.449997,131.130005,128.449997,766900.0,127.359352
2020-07-02 00:00:00,131.059998,131.149994,132.160004,130.600006,731300.0,127.788368
2020-07-06 00:00:00,131.039993,132.630005,133.919998,130.350006,551900.0,127.768867
2020-07-07 00:00:00,130.309998,130.25,131.529999,129.380005,693700.0,127.057098
2020-07-08 00:00:00,131.759995,130.399994,132.190002,130.009995,673400.0,128.470871
2020-07-09 00:00:00,130.690002,131.350006,131.690002,128.759995,714000.0,127.42762
2020-07-10 00:00:00,133.389999,130.949997,133.410004,130.740005,715700.0,130.060242
2020-07-13 00:00:00,132.970001,132.820007,134.410004,132.169998,983800.0,129.650696
2020-07-14 00:00:00,134.839996,133.429993,135.229996,132.850006,1170400.0,131.473999
2020-07-15 00:00:00,134.059998,135.0,135.850006,133.399994,918700.0,130.713486
2020-07-16 00:00:00,138.320007,134.029999,138.389999,133.559998,1100100.0,134.867172
2020-07-17 00:00:00,141.220001,138.919998,141.529999,138.419998,786700.0,137.694778
2020-07-20 00:00:00,139.710007,140.860001,142.839996,138.990005,696000.0,136.222473
2020-07-21 00:00:00,141.179993,139.800003,141.869995,139.320007,566900.0,137.655746
2020-07-22 00:00:00,143.789993,140.929993,144.479996,140.210007,608000.0,140.200592
2020-07-23 00:00:00,144.889999,144.669998,145.809998,143.910004,719300.0,141.273132
2020-07-24 00:00:00,144.520004,145.0,145.970001,143.199997,834100.0,140.912384
2020-07-27 00:00:00,144.330002,145.0,145.910004,143.699997,833000.0,140.727112
2020-07-28 00:00:00,145.360001,143.880005,146.270004,143.880005,724700.0,141.731415
2020-07-29 00:00:00,147.990005,145.940002,148.160004,145.919998,811300.0,144.295761
2020-07-30 00:00:00,146.630005,146.820007,147.979996,145.850006,591000.0,142.969711
2020-07-31 00:00:00,147.270004,146.210007,148.509995,145.490005,793400.0,143.593735
2020-08-03 00:00:00,147.059998,147.0,147.369995,145.399994,582400.0,143.388977
2020-08-04 00:00:00,147.5,146.490005,147.690002,145.949997,686000.0,143.817993
2020-08-05 00:00:00,147.25,148.190002,148.220001,145.649994,506400.0,143.574234
2020-08-06 00:00:00,146.970001,146.320007,147.960007,145.009995,737600.0,143.301224
2020-08-07 00:00:00,149.789993,147.0,150.039993,146.089996,785500.0,146.050812
2020-08-10 00:00:00,149.110001,150.210007,150.470001,148.440002,598600.0,145.387802
2020-08-11 00:00:00,142.419998,148.229996,148.5,141.710007,740900.0,139.378922
2020-08-12 00:00:00,145.869995,143.130005,147.080002,142.800003,602600.0,142.755249
2020-08-13 00:00:00,146.509995,145.279999,147.169998,144.289993,613400.0,143.381577
2020-08-14 00:00:00,145.309998,146.160004,146.679993,144.789993,378600.0,142.207184
2020-08-17 00:00:00,146.559998,146.0,148.119995,145.089996,657900.0,143.430511
2020-08-18 00:00:00,146.0,146.139999,147.199997,145.289993,493300.0,142.882477
2020-08-19 00:00:00,143.919998,146.75,147.199997,143.589996,603000.0,140.846878
2020-08-20 00:00:00,144.279999,143.550003,145.309998,143.169998,432200.0,141.199188
2020-08-21 00:00:00,143.639999,144.380005,144.789993,142.610001,603300.0,140.572861
2020-08-24 00:00:00,143.880005,143.619995,144.320007,142.220001,468600.0,140.807739
2020-08-25 00:00:00,143.529999,143.979996,143.979996,142.350006,389400.0,140.46521
2020-08-26 00:00:00,140.899994,142.380005,142.970001,140.779999,583900.0,137.891357
2020-08-27 00:00:00,141.369995,141.880005,142.759995,140.369995,704000.0,138.351334
2020-08-28 00:00:00,140.789993,141.139999,141.139999,138.850006,773400.0,137.783722
2020-08-31 00:00:00,141.339996,142.149994,142.679993,140.869995,881100.0,138.32196
2020-09-01 00:00:00,140.169998,141.779999,142.0,139.5,451700.0,137.176941
2020-09-02 00:00:00,144.149994,140.399994,144.929993,139.75,934600.0,141.07196
2020-09-03 00:00:00,142.479996,144.639999,146.300003,141.300003,717300.0,139.437622
2020-09-04 00:00:00,143.169998,142.699997,144.009995,141.630005,954200.0,140.112885
2020-09-08 00:00:00,140.770004,143.0,143.210007,140.139999,771700.0,137.764145
2020-09-09 00:00:00,143.199997,142.020004,145.119995,142.020004,667600.0,140.142258
2020-09-10 00:00:00,140.770004,142.740005,143.419998,140.710007,575500.0,137.764145
2020-09-11 00:00:00,141.100006,141.559998,141.770004,140.279999,482500.0,138.087082
2020-09-14 00:00:00,142.880005,142.139999,143.820007,141.25,684600.0,139.829102
2020-09-15 00:00:00,143.589996,144.160004,144.839996,142.850006,812900.0,140.523941
2020-09-16 00:00:00,142.770004,143.850006,145.509995,142.589996,678200.0,139.721451
2020-09-17 00:00:00,141.020004,142.330002,142.970001,139.710007,733400.0,138.008804
2020-09-18 00:00:00,138.279999,140.75,141.839996,138.0,1420900.0,135.327316
2020-09-21 00:00:00,139.720001,137.940002,140.080002,137.009995,746800.0,136.736557
2020-09-22 00:00:00,140.169998,140.240005,141.470001,138.910004,718100.0,137.176941
2020-09-23 00:00:00,138.050003,140.649994,141.210007,138.039993,585700.0,135.102234
2020-09-24 00:00:00,140.660004,138.919998,141.949997,138.509995,902900.0,137.656494
2020-09-25 00:00:00,144.229996,139.539993,144.369995,139.539993,898100.0,141.150253
2020-09-28 00:00:00,144.550003,144.470001,146.059998,143.649994,599200.0,141.463425
2020-09-29 00:00:00,143.699997,144.75,145.100006,142.880005,565100.0,140.631577
2020-09-30 00:00:00,144.880005,144.630005,146.279999,144.139999,1099600.0,141.786377
2020-10-01 00:00:00,148.570007,145.559998,148.860001,145.440002,1478200.0,145.397583
2020-10-02 00:00:00,148.960007,147.520004,149.970001,146.869995,751200.0,145.779266
2020-10-05 00:00:00,151.889999,149.25,152.160004,148.589996,707000.0,148.646698
2020-10-06 00:00:00,152.490005,151.850006,153.740005,150.869995,718400.0,149.233917
2020-10-07 00:00:00,154.509995,153.940002,155.460007,152.910004,942400.0,151.210754
2020-10-08 00:00:00,155.850006,155.0,156.389999,154.080002,554400.0,152.522125
2020-10-09 00:00:00,155.75,156.210007,157.270004,154.610001,651900.0,152.424286
2020-10-12 00:00:00,158.320007,156.649994,160.0,156.289993,571000.0,154.939392
2020-10-13 00:00:00,156.080002,156.330002,156.350006,154.5,592900.0,152.747238
2020-10-14 00:00:00,155.759995,155.619995,157.389999,154.539993,581900.0,152.434067
2020-10-15 00:00:00,155.860001,154.539993,157.169998,153.550003,513900.0,152.531937
2020-10-16 00:00:00,155.720001,156.580002,156.649994,155.5,1120200.0,152.394928
2020-10-19 00:00:00,154.520004,156.259995,157.539993,153.979996,1175100.0,151.220551
2020-10-20 00:00:00,153.149994,155.289993,155.289993,152.610001,725600.0,149.879791
2020-10-21 00:00:00,152.25,153.419998,154.089996,151.850006,818400.0,148.999023
2020-10-22 00:00:00,153.610001,153.050003,153.960007,152.339996,455500.0,150.329971
2020-10-23 00:00:00,154.080002,153.880005,154.679993,152.990005,423700.0,150.789932
2020-10-26 00:00:00,154.009995,154.300003,155.020004,152.0,676200.0,150.721436
2020-10-27 00:00:00,154.619995,154.360001,156.179993,153.669998,621100.0,151.31842
2020-10-28 00:00:00,153.0,152.759995,155.600006,152.509995,874700.0,149.733002
2020-10-29 00:00:00,152.160004,152.919998,153.960007,150.149994,534000.0,148.910934
2020-10-30 00:00:00,150.509995,151.300003,152.339996,149.229996,831800.0,147.296173
2020-11-02 00:00:00,154.300003,152.0,155.070007,151.639999,731300.0,151.005234
2020-11-03 00:00:00,157.100006,156.059998,159.410004,155.490005,742100.0,153.745468
2020-11-04 00:00:00,155.410004,158.259995,160.559998,155.25,728100.0,152.091537
2020-11-05 00:00:00,158.210007,160.0,162.839996,155.5,766900.0,154.831757
2020-11-06 00:00:00,161.130005,158.850006,161.940002,157.800003,744800.0,157.689392
2020-11-09 00:00:00,162.330002,171.990005,172.559998,161.929993,1347500.0,159.407898
2020-11-10 00:00:00,163.509995,162.210007,164.589996,161.630005,1021400.0,160.566635
2020-11-11 00:00:00,164.369995,164.490005,165.699997,163.179993,968000.0,161.411163
2020-11-12 00:00:00,161.410004,164.220001,164.710007,160.110001,863600.0,158.504456
2020-11-13 00:00:00,161.309998,161.919998,162.899994,160.639999,634900.0,158.406235
2020-11-16 00:00:00,165.550003,162.970001,165.630005,161.009995,902800.0,162.569946
2020-11-17 00:00:00,159.289993,163.929993,164.559998,158.880005,1082500.0,156.422607
2020-11-18 00:00:00,156.190002,160.669998,160.710007,155.970001,858100.0,153.378418
2020-11-19 00:00:00,156.649994,156.880005,157.199997,154.539993,913000.0,153.830139
2020-11-20 00:00:00,157.710007,155.779999,160.110001,155.779999,992800.0,154.871063
2020-11-23 00:00:00,155.220001,157.770004,158.139999,154.759995,616900.0,152.425888
2020-11-24 00:00:00,153.199997,156.529999,156.880005,152.880005,1006000.0,150.44223
2020-11-25 00:00:00,153.130005,153.979996,154.970001,151.110001,1113600.0,150.373505
2020-11-27 00:00:00,153.729996,152.809998,154.190002,151.710007,504000.0,150.962692
2020-11-30 00:00:00,153.380005,154.0,154.809998,152.139999,1059700.0,150.619003
2020-12-01 00:00:00,154.300003,154.580002,156.410004,154.039993,797200.0,151.522446
2020-12-02 00:00:00,154.830002,154.729996,155.360001,152.710007,794100.0,152.042908
2020-12-03 00:00:00,152.479996,153.979996,155.460007,151.919998,707700.0,149.735184
2020-12-04 00:00:00,148.899994,152.339996,152.880005,147.899994,1318400.0,146.21965
2020-12-07 00:00:00,150.320007,148.839996,151.149994,148.570007,1042500.0,147.61409
2020-12-08 00:00:00,149.350006,149.559998,150.25,148.619995,811100.0,146.66156
2020-12-09 00:00:00,148.470001,150.089996,150.089996,147.789993,919300.0,145.797379
2020-12-10 00:00:00,148.070007,148.649994,148.649994,146.539993,888000.0,145.404602
2020-12-11 00:00:00,148.279999,147.970001,148.820007,146.740005,760100.0,145.610809
2020-12-14 00:00:00,148.550003,150.119995,151.330002,148.460007,811100.0,145.875946
2020-12-15 00:00:00,152.990005,149.009995,153.350006,148.809998,1555900.0,150.236023
2020-12-16 00:00:00,150.369995,153.830002,154.759995,150.259995,821500.0,147.663177
2020-12-17 00:00:00,151.860001,151.259995,153.199997,150.699997,925500.0,149.126358
2020-12-18 00:00:00,150.240005,151.990005,152.559998,149.710007,1891400.0,147.535522
2020-12-21 00:00:00,149.110001,148.949997,149.389999,147.029999,1134600.0,146.425873
2020-12-22 00:00:00,148.059998,149.339996,149.339996,147.410004,823700.0,145.394775
2020-12-23 00:00:00,147.410004,148.949997,150.660004,147.350006,731500.0,144.75647
2020-12-24 00:00:00,149.139999,147.880005,149.139999,147.419998,253700.0,146.455338
2020-12-28 00:00:00,149.649994,149.589996,151.009995,148.990005,546600.0,146.956146
2020-12-29 00:00:00,150.729996,150.789993,151.880005,149.940002,685100.0,148.016693
2020-12-30 00:00:00,150.630005,150.899994,151.699997,150.259995,361800.0,147.918503
2020-12-31 00:00:00,153.470001,150.589996,153.600006,150.210007,521900.0,150.707382
2021-01-04 00:00:00,150.240005,153.529999,153.789993,148.619995,1378900.0,147.535522
2021-01-05 00:00:00,151.089996,150.5,151.509995,148.899994,867600.0,148.370224
2021-01-06 00:00:00,152.360001,151.779999,153.729996,150.559998,1206200.0,149.617371
2021-01-07 00:00:00,152.130005,153.889999,154.589996,151.789993,851500.0,149.391495
2021-01-08 00:00:00,156.979996,152.089996,157.369995,151.5,1367400.0,154.15419
2021-01-11 00:00:00,156.639999,156.360001,157.550003,154.259995,812300.0,153.820313
2021-01-12 00:00:00,156.229996,156.779999,159.110001,154.429993,1128800.0,153.417694
2021-01-13 00:00:00,159.690002,156.600006,161.199997,156.229996,898200.0,156.815414
2021-01-14 00:00:00,158.0,159.520004,159.679993,157.270004,712400.0,155.155838
2021-01-15 00:00:00,159.720001,157.559998,160.300003,157.0,946600.0,156.844879
2021-01-19 00:00:00,159.270004,160.830002,160.919998,157.699997,873100.0,156.402985
2021-01-20 00:00:00,163.399994,159.220001,163.869995,158.580002,1051000.0,160.458633
2021-01-21 00:00:00,160.899994,163.100006,163.990005,159.889999,785300.0,158.003616
2021-01-22 00:00:00,160.910004,160.440002,161.720001,159.020004,674100.0,158.013458
2021-01-25 00:00:00,161.210007,160.880005,163.559998,159.899994,928100.0,158.30806
2021-01-26 00:00:00,159.309998,160.25,160.820007,158.639999,1056400.0,156.442261
2021-01-27 00:00:00,156.720001,158.190002,158.899994,155.399994,963300.0,153.89888
2021-01-28 00:00:00,159.789993,157.039993,162.619995,156.809998,827700.0,156.913605
2021-01-29 00:00:00,159.020004,158.649994,160.809998,156.039993,1114600.0,156.157486
2021-02-01 00:00:00,161.520004,160.630005,163.570007,159.649994,693700.0,158.612457
2021-02-02 00:00:00,163.320007,161.960007,166.080002,161.479996,766500.0,160.380081
2021-02-03 00:00:00,164.110001,162.860001,164.860001,161.889999,776400.0,161.155853
2021-02-04 00:00:00,164.020004,163.830002,165.520004,163.009995,599400.0,161.067474
2021-02-05 00:00:00,165.009995,164.149994,165.529999,162.75,478900.0,162.584839
2021-02-08 00:00:00,162.220001,164.949997,165.220001,161.110001,686500.0,159.835831
2021-02-09 00:00:00,163.440002,162.470001,163.660004,161.580002,569400.0,161.037933
2021-02-10 00:00:00,164.809998,165.0,165.149994,163.610001,471200.0,162.387772
2021-02-11 00:00:00,164.830002,165.149994,165.679993,163.740005,468500.0,162.407471
2021-02-12 00:00:00,161.690002,163.820007,165.860001,160.279999,551700.0,159.313644
2021-02-16 00:00:00,161.570007,161.600006,163.240005,160.179993,810800.0,159.195404
2021-02-17 00:00:00,160.779999,161.139999,161.970001,160.059998,753900.0,158.416992
2021-02-18 00:00:00,160.149994,160.399994,161.240005,159.679993,1157200.0,157.796249
2021-02-19 00:00:00,156.660004,160.380005,160.649994,156.460007,741500.0,154.357559
2021-02-22 00:00:00,151.809998,155.179993,156.600006,150.820007,1191500.0,149.578827
2021-02-23 00:00:00,153.149994,152.009995,153.759995,150.630005,984700.0,150.899124
2021-02-24 00:00:00,149.940002,153.0,153.330002,149.820007,1204000.0,147.736328
2021-02-25 00:00:00,145.639999,149.669998,149.869995,145.029999,1353500.0,143.499512
2021-02-26 00:00:00,141.880005,146.130005,147.360001,141.779999,1986300.0,139.794785
2021-03-01 00:00:00,144.009995,144.210007,145.789993,143.490005,1188100.0,141.893463
2021-03-02 00:00:00,139.639999,143.619995,144.449997,139.289993,1512800.0,137.587708
2021-03-03 00:00:00,132.130005,138.880005,139.449997,131.009995,2149400.0,130.188095
2021-03-04 00:00:00,134.970001,135.020004,138.75,132.550003,3108600.0,132.986343
2021-03-05 00:00:00,136.009995,134.449997,136.520004,132.369995,1720200.0,134.011063
2021-03-08 00:00:00,133.869995,136.710007,137.889999,133.720001,1457200.0,131.902496
2021-03-09 00:00:00,136.830002,135.539993,137.460007,134.520004,2495600.0,134.819016
2021-03-10 00:00:00,136.380005,137.300003,137.649994,135.619995,2165000.0,134.37561
2021-03-11 00:00:00,137.039993,137.520004,138.410004,136.070007,1755600.0,135.025894
2021-03-12 00:00:00,139.130005,137.889999,139.539993,136.460007,1029600.0,137.085205
2021-03-15 00:00:00,140.309998,139.5,141.029999,138.729996,1296200.0,138.247849
2021-03-16 00:00:00,141.160004,140.520004,142.669998,140.5,1136600.0,139.085373
2021-03-17 00:00:00,139.380005,140.429993,140.880005,138.729996,1209300.0,137.331528
2021-03-18 00:00:00,139.0,138.690002,139.509995,137.399994,1200400.0,136.957123
2021-03-19 00:00:00,138.360001,139.039993,139.539993,136.899994,2216400.0,136.326508
2021-03-22 00:00:00,140.050003,138.860001,140.110001,138.259995,1027300.0,137.991684
2021-03-23 00:00:00,144.149994,140.190002,144.509995,139.75,1033500.0,142.031418
2021-03-24 00:00:00,144.910004,143.020004,145.539993,142.279999,1256700.0,142.780243
2021-03-25 00:00:00,145.210007,145.080002,147.270004,144.600006,1211200.0,143.075851
2021-03-26 00:00:00,146.320007,145.050003,146.470001,142.380005,1163500.0,144.16954
2021-03-29 00:00:00,147.910004,146.320007,148.789993,145.660004,940500.0,145.73616
2021-03-30 00:00:00,146.850006,147.929993,148.270004,145.949997,768700.0,144.691742
2021-03-31 00:00:00,149.919998,147.490005,150.529999,147.100006,1221000.0,147.716599
2021-04-01 00:00:00,150.589996,150.639999,151.830002,149.589996,855400.0,148.37677
2021-04-05 00:00:00,152.029999,150.270004,152.369995,150.25,577400.0,149.795609
2021-04-06 00:00:00,152.800003,151.839996,153.190002,150.889999,848200.0,150.554306
2021-04-07 00:00:00,152.929993,153.050003,153.860001,151.860001,611600.0,150.682373
2021-04-08 00:00:00,151.690002,153.630005,153.779999,151.179993,657300.0,149.460617
2021-04-09 00:00:00,151.679993,152.059998,152.649994,150.960007,609700.0,149.450729
2021-04-12 00:00:00,152.25,151.649994,153.389999,151.360001,742100.0,150.012375
2021-04-13 00:00:00,155.410004,151.339996,155.839996,151.279999,738700.0,153.125946
2021-04-14 00:00:00,157.130005,154.710007,157.190002,153.949997,929100.0,154.820663
2021-04-15 00:00:00,159.160004,157.149994,159.309998,157.149994,1069200.0,156.820831
2021-04-16 00:00:00,160.119995,160.0,160.320007,158.820007,1341700.0,157.766693
2021-04-19 00:00:00,158.720001,160.240005,160.559998,157.979996,835100.0,156.387268
2021-04-20 00:00:00,161.309998,159.0,162.399994,158.860001,850100.0,158.939209
2021-04-21 00:00:00,161.0,162.289993,162.5,159.830002,623200.0,158.633774
2021-04-22 00:00:00,161.429993,161.0,162.380005,160.470001,653700.0,159.057434
2021-04-23 00:00:00,159.360001,161.5,161.850006,159.289993,1044900.0,157.017883
2021-04-26 00:00:00,157.710007,159.470001,159.679993,156.440002,938500.0,155.392136
2021-04-27 00:00:00,155.100006,157.940002,158.080002,154.550003,1373100.0,152.820496
2021-04-28 00:00:00,154.339996,155.289993,155.490005,153.529999,699300.0,152.07164
2021-04-29 00:00:00,154.440002,154.5,156.690002,154.009995,752600.0,152.170181
2021-04-30 00:00:00,155.990005,154.669998,156.020004,154.130005,1012100.0,153.697403
2021-05-03 00:00:00,155.5,156.160004,156.809998,154.740005,598000.0,153.214615
2021-05-04 00:00:00,155.289993,154.520004,156.729996,153.309998,956300.0,153.00769
2021-05-05 00:00:00,153.059998,154.410004,155.149994,151.179993,714100.0,150.810455
2021-05-06 00:00:00,153.199997,152.919998,154.139999,152.139999,751300.0,150.94841
2021-05-07 00:00:00,152.770004,153.199997,155.820007,152.610001,795900.0,150.524734
2021-05-10 00:00:00,156.0,152.309998,156.550003,152.130005,2008300.0,154.315857
2021-05-11 00:00:00,153.699997,155.800003,155.800003,152.570007,667600.0,152.04068
2021-05-12 00:00:00,149.589996,152.800003,152.979996,149.149994,837100.0,147.975052
2021-05-13 00:00:00,152.0,149.600006,152.660004,149.300003,560700.0,150.359024
2021-05-14 00:00:00,152.830002,152.160004,153.839996,152.0,830800.0,151.180069
2021-05-17 00:00:00,150.850006,152.649994,153.830002,150.800003,540400.0,149.221451
2021-05-18 00:00:00,151.089996,150.899994,151.940002,149.850006,515500.0,149.458862
2021-05-19 00:00:00,152.070007,150.570007,152.119995,150.110001,605600.0,150.428299
2021-05-20 00:00:00,154.419998,152.139999,154.910004,152.139999,703400.0,152.752914
2021-05-21 00:00:00,155.119995,154.660004,156.350006,154.160004,1605300.0,153.445343
2021-05-24 00:00:00,154.839996,155.600006,156.490005,154.740005,450100.0,153.168381
2021-05-25 00:00:00,154.919998,154.839996,155.729996,153.589996,581500.0,153.247513
2021-05-26 00:00:00,154.970001,155.289993,155.779999,153.960007,485100.0,153.296997
2021-05-27 00:00:00,153.419998,156.0,156.050003,153.100006,1029500.0,151.763702
2021-05-28 00:00:00,155.020004,154.669998,155.949997,153.889999,562200.0,153.346451
2021-06-01 00:00:00,154.259995,155.880005,156.169998,154.130005,619300.0,152.594635
2021-06-02 00:00:00,155.429993,154.229996,156.130005,153.770004,504100.0,153.752014
2021-06-03 00:00:00,156.039993,154.009995,156.679993,154.009995,720800.0,154.355423
2021-06-04 00:00:00,156.429993,156.210007,157.199997,156.009995,403200.0,154.741196
2021-06-07 00:00:00,157.470001,156.550003,157.649994,156.229996,487600.0,155.769974
2021-06-08 00:00:00,156.809998,157.800003,158.020004,156.029999,479800.0,155.117126
2021-06-09 00:00:00,157.600006,157.380005,158.389999,156.589996,644500.0,155.89859
2021-06-10 00:00:00,159.729996,157.770004,160.0,157.210007,541500.0,158.005569
2021-06-11 00:00:00,160.360001,159.800003,160.440002,159.259995,745500.0,158.628784
2021-06-14 00:00:00,160.479996,160.529999,161.5,158.449997,735400.0,158.747482
2021-06-15 00:00:00,161.789993,160.5,162.520004,160.020004,640700.0,160.04335
2021-06-16 00:00:00,158.470001,162.559998,163.0,158.360001,795500.0,156.759201
2021-06-17 00:00:00,162.199997,158.130005,162.429993,157.869995,619700.0,160.448914
2021-06-18 00:00:00,157.539993,161.110001,161.809998,157.369995,1741100.0,155.839218
2021-06-21 00:00:00,161.300003,157.929993,161.639999,156.360001,808800.0,159.55864
2021-06-22 00:00:00,159.699997,161.809998,162.559998,159.639999,581800.0,157.975906
2021-06-23 00:00:00,156.369995,159.830002,160.0,155.949997,855100.0,154.681854
2021-06-24 00:00:00,154.759995,157.490005,157.539993,153.669998,867500.0,153.089233
2021-06-25 00:00:00,155.229996,154.759995,155.380005,153.389999,1041300.0,153.554169
2021-06-28 00:00:00,157.330002,155.610001,158.850006,155.610001,742900.0,155.631485
2021-06-29 00:00:00,155.479996,156.440002,158.25,155.410004,655300.0,153.801468
2021-06-30 00:00:00,154.130005,155.759995,156.539993,153.330002,627700.0,152.466049
2021-07-01 00:00:00,155.570007,154.220001,155.899994,153.449997,497200.0,153.890503
2021-07-02 00:00:00,156.880005,155.929993,156.940002,155.490005,397700.0,155.186356
2021-07-06 00:00:00,159.880005,157.800003,159.979996,156.559998,761300.0,158.153961
2021-07-07 00:00:00,163.380005,160.0,163.600006,159.360001,871300.0,161.616196
2021-07-08 00:00:00,161.580002,162.570007,163.990005,161.070007,569900.0,159.835617
2021-07-09 00:00:00,162.279999,161.649994,162.490005,160.460007,519800.0,160.528061
2021-07-12 00:00:00,162.979996,162.25,163.220001,161.559998,414500.0,161.220505
2021-07-13 00:00:00,162.25,162.839996,163.899994,161.610001,473900.0,160.498398
2021-07-14 00:00:00,163.240005,162.210007,164.089996,161.259995,363800.0,161.477692
2021-07-15 00:00:00,166.110001,162.399994,166.5,162.220001,627000.0,164.316711
2021-07-16 00:00:00,168.309998,166.539993,169.770004,166.199997,629800.0,166.492966
2021-07-19 00:00:00,167.360001,167.360001,168.949997,164.789993,768500.0,165.553223
2021-07-20 00:00:00,166.699997,167.970001,169.449997,165.710007,955100.0,164.900345
2021-07-21 00:00:00,163.490005,166.419998,166.419998,162.720001,749200.0,161.725006
2021-07-22 00:00:00,164.419998,163.589996,164.850006,163.169998,535900.0,162.644958
2021-07-23 00:00:00,167.270004,164.770004,167.360001,164.509995,603100.0,165.464188
2021-07-26 00:00:00,166.179993,166.5,167.039993,164.960007,556300.0,164.385956
2021-07-27 00:00:00,170.199997,166.380005,170.740005,165.559998,584200.0,168.362549
2021-07-28 00:00:00,170.350006,170.149994,170.860001,168.600006,484800.0,168.510941
2021-07-29 00:00:00,170.729996,170.509995,171.309998,169.660004,406100.0,168.886826
2021-07-30 00:00:00,170.110001,170.570007,172.100006,169.940002,631200.0,168.273529
2021-08-02 00:00:00,172.25,169.979996,172.270004,169.830002,621800.0,170.390411
2021-08-03 00:00:00,175.300003,173.25,176.839996,172.100006,912800.0,173.407501
2021-08-04 00:00:00,176.470001,172.139999,177.149994,172.059998,1084800.0,174.56488
2021-08-05 00:00:00,179.669998,177.0,180.080002,176.0,525200.0,177.730316
2021-08-06 00:00:00,177.449997,179.929993,180.419998,177.360001,1000300.0,175.534286
2021-08-09 00:00:00,177.119995,178.100006,178.520004,175.5,985600.0,175.804764
2021-08-10 00:00:00,176.009995,177.199997,177.320007,175.509995,624000.0,174.703003
2021-08-11 00:00:00,175.559998,176.460007,177.050003,174.529999,728800.0,174.256348
2021-08-12 00:00:00,177.449997,175.699997,177.940002,175.309998,789000.0,176.132324
2021-08-13 00:00:00,178.919998,177.679993,179.089996,176.850006,649900.0,177.5914
2021-08-16 00:00:00,181.5,178.990005,181.75,178.740005,617600.0,180.152237
2021-08-17 00:00:00,181.389999,181.330002,181.600006,179.539993,579100.0,180.04306
2021-08-18 00:00:00,179.880005,181.179993,181.330002,178.979996,583100.0,178.544281
2021-08-19 00:00:00,181.770004,180.259995,182.419998,179.429993,549100.0,180.420227
2021-08-20 00:00:00,184.100006,181.449997,184.639999,180.5,666600.0,182.732941
2021-08-23 00:00:00,182.199997,184.100006,185.240005,181.339996,993500.0,180.847046
2021-08-24 00:00:00,180.600006,181.740005,181.960007,179.0,745800.0,179.258926
2021-08-25 00:00:00,180.880005,180.600006,181.429993,179.559998,502400.0,179.53685
2021-08-26 00:00:00,181.220001,180.509995,181.669998,179.759995,520800.0,179.874329
2021-08-27 00:00:00,180.309998,181.610001,182.320007,180.009995,748700.0,178.971069
2021-08-30 00:00:00,182.580002,181.169998,183.309998,180.789993,520100.0,181.224228
2021-08-31 00:00:00,182.25,182.580002,183.720001,181.809998,918100.0,180.896667
2021-09-01 00:00:00,184.429993,180.679993,185.179993,180.679993,751700.0,183.060471
2021-09-02 00:00:00,186.850006,185.0,186.919998,184.5,460000.0,185.462509
2021-09-03 00:00:00,185.149994,186.100006,187.020004,184.580002,466300.0,183.775131
2021-09-07 00:00:00,184.0,185.240005,185.789993,182.889999,608700.0,182.633667
2021-09-08 00:00:00,188.75,184.009995,189.350006,183.509995,590000.0,187.348404
2021-09-09 00:00:00,187.539993,187.759995,188.880005,186.539993,987900.0,186.147385
2021-09-10 00:00:00,184.789993,188.259995,188.259995,184.699997,518600.0,183.417801
2021-09-13 00:00:00,183.139999,186.039993,186.529999,182.449997,690200.0,181.78006
2021-09-14 00:00:00,184.880005,184.059998,185.160004,183.149994,483300.0,183.507156
2021-09-15 00:00:00,183.649994,184.75,185.520004,182.899994,738000.0,182.28627
2021-09-16 00:00:00,181.699997,184.240005,184.949997,181.130005,724000.0,180.350754
2021-09-17 00:00:00,178.039993,179.690002,181.410004,177.539993,1961900.0,176.717926
2021-09-20 00:00:00,179.25,177.270004,180.75,176.039993,645200.0,177.918945
2021-09-21 00:00:00,178.460007,179.479996,181.139999,178.330002,604700.0,177.134827
2021-09-22 00:00:00,177.720001,179.0,179.479996,176.320007,619900.0,176.400299
2021-09-23 00:00:00,177.830002,177.619995,179.610001,177.210007,665800.0,176.509491
2021-09-24 00:00:00,176.789993,177.830002,178.960007,176.0,470400.0,175.477203
2021-09-27 00:00:00,170.710007,174.289993,174.759995,170.550003,922400.0,169.442368
2021-09-28 00:00:00,168.190002,170.110001,170.199997,167.979996,725000.0,166.941071
2021-09-29 00:00:00,170.300003,168.570007,172.0,167.869995,689700.0,169.035416
2021-09-30 00:00:00,169.039993,171.169998,171.479996,168.899994,863900.0,167.784744
2021-10-01 00:00:00,168.339996,168.699997,170.389999,167.5,662600.0,167.089966
2021-10-04 00:00:00,170.910004,168.589996,171.729996,168.229996,730500.0,169.640869
2021-10-05 00:00:00,171.600006,171.389999,172.440002,170.630005,577500.0,170.32576
2021-10-06 00:00:00,174.179993,171.160004,174.199997,170.080002,488000.0,172.886597
2021-10-07 00:00:00,172.470001,174.520004,175.880005,172.210007,497800.0,171.189301
2021-10-08 00:00:00,170.830002,172.289993,173.399994,169.699997,442600.0,169.561462
2021-10-11 00:00:00,168.860001,170.100006,170.929993,168.380005,746000.0,167.606094
2021-10-12 00:00:00,169.539993,168.800003,170.279999,167.910004,499400.0,168.281052
2021-10-13 00:00:00,169.399994,169.839996,170.460007,168.259995,773700.0,168.142075
2021-10-14 00:00:00,171.179993,169.910004,171.729996,169.910004,547200.0,169.908859
2021-10-15 00:00:00,171.419998,171.309998,171.860001,170.210007,659200.0,170.147079
2021-10-18 00:00:00,170.389999,170.720001,171.380005,169.360001,531900.0,169.124741
2021-10-19 00:00:00,172.649994,171.660004,173.410004,171.229996,594500.0,171.36795
2021-10-20 00:00:00,173.970001,174.059998,175.630005,173.270004,556800.0,172.678162
2021-10-21 00:00:00,173.550003,174.259995,176.289993,173.130005,743000.0,172.261276
2021-10-22 00:00:00,175.809998,173.929993,176.470001,173.839996,537700.0,174.504486
2021-10-25 00:00:00,174.850006,174.479996,176.990005,174.009995,585000.0,173.55162
2021-10-26 00:00:00,174.949997,174.940002,176.660004,174.470001,540400.0,173.650879
2021-10-27 00:00:00,173.220001,175.949997,176.100006,173.039993,519900.0,171.933731
2021-10-28 00:00:00,175.309998,173.139999,175.440002,173.050003,472100.0,174.008209
2021-10-29 00:00:00,174.179993,175.0,176.320007,173.350006,779900.0,172.886597
2021-11-01 00:00:00,173.690002,174.289993,174.839996,170.990005,726500.0,172.400238
2021-11-02 00:00:00,176.800003,174.779999,176.839996,173.919998,962000.0,175.487137
2021-11-03 00:00:00,168.009995,172.0,174.0,166.210007,1637900.0,166.762405
2021-11-04 00:00:00,168.770004,165.669998,169.169998,165.669998,1145800.0,167.516769
2021-11-05 00:00:00,169.660004,168.759995,170.610001,167.850006,657200.0,168.400177
2021-11-08 00:00:00,169.009995,169.220001,169.809998,166.580002,953000.0,167.754974
2021-11-09 00:00:00,169.520004,169.520004,170.389999,168.410004,528300.0,168.86319
2021-11-10 00:00:00,172.0,169.080002,172.029999,168.990005,779200.0,171.333572
2021-11-11 00:00:00,170.649994,172.199997,172.240005,169.410004,525900.0,169.9888
2021-11-12 00:00:00,170.740005,171.080002,171.080002,169.059998,392200.0,170.078461
2021-11-15 00:00:00,172.679993,171.220001,173.119995,170.880005,491700.0,172.010925
2021-11-16 00:00:00,170.740005,172.889999,173.0,170.229996,636400.0,170.078461
2021-11-17 00:00:00,170.75,170.539993,170.809998,168.050003,709000.0,170.088409
2021-11-18 00:00:00,171.490005,171.050003,172.830002,170.830002,606500.0,170.825546
2021-11-19 00:00:00,173.380005,172.429993,173.910004,171.199997,746300.0,172.708221
2021-11-22 00:00:00,174.570007,172.990005,175.960007,171.470001,650700.0,173.893616
2021-11-23 00:00:00,173.080002,174.429993,175.770004,172.520004,571500.0,172.409393
2021-11-24 00:00:00,173.410004,173.0,173.839996,171.350006,404200.0,172.738113
2021-11-26 00:00:00,170.309998,172.399994,174.589996,170.009995,399300.0,169.650116
2021-11-29 00:00:00,173.320007,171.509995,173.899994,169.869995,623800.0,172.648468
2021-11-30 00:00:00,168.570007,172.539993,174.279999,168.5,1561900.0,167.91687
2021-12-01 00:00:00,167.800003,168.080002,171.889999,166.559998,937500.0,167.149841
2021-12-02 00:00:00,170.369995,168.690002,171.470001,168.449997,835900.0,169.709885
2021-12-03 00:00:00,171.630005,171.570007,171.820007,167.639999,831100.0,170.965012
2021-12-06 00:00:00,173.919998,172.279999,174.869995,171.850006,611200.0,173.246124
2021-12-07 00:00:00,176.520004,174.259995,177.429993,173.610001,663900.0,175.83606
2021-12-08 00:00:00,176.759995,176.889999,178.110001,175.509995,636900.0,176.075119
2021-12-09 00:00:00,175.820007,176.5,176.639999,174.839996,870300.0,175.138779
2021-12-10 00:00:00,176.139999,176.630005,178.360001,175.449997,593800.0,175.457535
2021-12-13 00:00:00,180.899994,175.910004,182.050003,175.910004,830500.0,180.199081
2021-12-14 00:00:00,179.300003,180.740005,181.220001,178.089996,632400.0,178.605286
2021-12-15 00:00:00,182.270004,180.160004,182.339996,180.149994,622200.0,181.563782
2021-12-16 00:00:00,182.929993,181.830002,183.949997,181.389999,750900.0,182.221207
2021-12-17 00:00:00,183.110001,182.660004,184.850006,182.25,2131400.0,182.400528
2021-12-20 00:00:00,182.619995,181.539993,183.259995,179.550003,715700.0,181.912415
2021-12-21 00:00:00,181.270004,183.589996,184.110001,179.169998,952800.0,180.567657
2021-12-22 00:00:00,183.369995,180.649994,183.5,180.149994,457700.0,182.659515
2021-12-23 00:00:00,182.080002,183.550003,183.75,181.800003,322800.0,181.374512
2021-12-27 00:00:00,183.580002,183.229996,184.25,181.949997,428600.0,182.868698
2021-12-28 00:00:00,186.139999,183.740005,186.160004,183.289993,375000.0,185.418777
2021-12-29 00:00:00,187.389999,186.5,187.720001,185.270004,373700.0,186.66394
2021-12-30 00:00:00,188.029999,187.119995,188.729996,186.270004,373700.0,187.301453
2021-12-31 00:00:00,188.860001,188.0,189.649994,187.490005,382200.0,188.12825
2022-01-03 00:00:00,184.139999,188.970001,189.25,182.199997,712600.0,183.426529
2022-01-04 00:00:00,179.419998,184.020004,184.779999,179.399994,1139700.0,178.724823
2022-01-05 00:00:00,178.100006,177.300003,180.289993,177.25,1133500.0,177.409943
2022-01-06 00:00:00,175.300003,177.619995,178.899994,174.789993,1057500.0,174.620789
2022-01-07 00:00:00,173.5,172.839996,174.460007,171.039993,1199200.0,172.827759
2022-01-10 00:00:00,170.029999,172.679993,172.949997,167.149994,1082000.0,169.371201
2022-01-11 00:00:00,168.309998,170.179993,171.089996,165.919998,759500.0,167.657867
2022-01-12 00:00:00,169.179993,167.460007,169.610001,165.5,863900.0,168.52449
2022-01-13 00:00:00,168.089996,169.139999,170.330002,167.529999,858800.0,167.438721
2022-01-14 00:00:00,163.570007,167.830002,167.970001,160.649994,1568600.0,162.936234
2022-01-18 00:00:00,162.009995,161.039993,163.729996,159.710007,1166900.0,161.382263
2022-01-19 00:00:00,161.020004,161.589996,164.330002,160.770004,940900.0,160.396118
2022-01-20 00:00:00,162.699997,161.559998,164.699997,159.529999,1067300.0,162.069595
2022-01-21 00:00:00,161.389999,164.080002,165.339996,161.179993,910200.0,160.764679
2022-01-24 00:00:00,159.789993,160.800003,162.639999,155.25,1417600.0,159.170868
2022-01-25 00:00:00,157.0,157.779999,159.880005,155.440002,1147000.0,156.391693
2022-01-26 00:00:00,155.550003,157.449997,159.470001,154.570007,1090300.0,154.947311
2022-01-27 00:00:00,156.149994,156.880005,159.410004,155.660004,921300.0,155.544968
2022-01-28 00:00:00,157.839996,156.270004,157.839996,153.360001,903300.0,157.228424
2022-01-31 00:00:00,160.800003,157.119995,161.119995,156.679993,966500.0,160.176971
2022-02-01 00:00:00,158.710007,161.0,161.440002,156.570007,904800.0,158.095062
2022-02-02 00:00:00,160.820007,158.389999,160.979996,157.240005,863100.0,160.196899
2022-02-03 00:00:00,157.509995,159.25,159.740005,157.300003,732500.0,156.899704
2022-02-04 00:00:00,155.5,156.570007,157.309998,153.770004,895600.0,154.897507
2022-02-07 00:00:00,155.419998,155.699997,156.210007,153.529999,942400.0,155.419998
2022-02-08 00:00:00,155.66,155.5,157.83,155.06,855965.0,155.66
2022-02-09 00:00:00,155.73,156.99,157.15,154.43,904861.0,155.73
2022-02-10 00:00:00,150.41,152.75,154.265,150.05,802840.0,150.41
2022-02-11 00:00:00,149.46,151.34,152.27,148.38,922863.0,149.46
2022-02-14 00:00:00,148.03,149.47,150.91,146.19,1225059.0,148.03
2022-02-15 00:00:00,146.77,149.4,149.62,145.39,1822845.0,146.77
2022-02-16 00:00:00,146.29,147.06,147.1,144.34,1865257.0,146.29
2022-02-17 00:00:00,148.06,147.92,149.15,144.2,1402669.0,148.06
2022-02-18 00:00:00,148.26,147.0,149.47,146.24,2489709.0,148.26
2022-02-22 00:00:00,147.83,147.16,149.45,145.29,1098314.0,147.83
2022-02-23 00:00:00,146.73,149.3,150.06,146.58,970722.0,146.73
2022-02-24 00:00:00,148.6,144.95,149.04,144.66,1210989.0,148.6
2022-02-25 00:00:00,152.69,149.5,152.77,148.92,1093639.0,152.69
2022-02-28 00:00:00,151.09,152.37,152.97,149.28,2931600.0,151.09
2022-03-01 00:00:00,151.02,151.29,153.205,148.72,1353807.0,151.02
2022-03-02 00:00:00,152.1,150.63,152.53,150.58,821728.0,152.1
2022-03-03 00:00:00,154.94,152.5,155.66,152.5,981482.0,154.94
2022-03-04 00:00:00,161.04,155.04,161.44,154.94,1546252.0,161.04
2022-03-07 00:00:00,159.22,161.72,161.99,158.105,1221387.0,159.22
2022-03-08 00:00:00,154.25,157.41,159.32,153.52,1337383.0,154.25
2022-03-09 00:00:00,153.79,155.96,156.77,152.68,881278.0,153.79
2022-03-10 00:00:00,153.13,153.24,153.29,151.15,924872.0,153.13
2022-03-11 00:00:00,152.08,153.33,154.93,151.2575,920263.0,152.08
2022-03-14 00:00:00,152.62,153.61,154.95,151.7,1013490.0,152.62
2022-03-15 00:00:00,155.95,154.96,156.32,153.3,677134.0,155.95
2022-03-16 00:00:00,156.15,156.06,156.95,154.125,907766.0,156.15
2022-03-17 00:00:00,157.43,156.12,158.74,155.77,638441.0,157.43
2022-03-18 00:00:00,158.72,157.97,160.75,157.5,1800828.0,158.72
2022-03-21 00:00:00,157.01,158.1,159.94,156.38,615372.0,157.01
2022-03-22 00:00:00,156.58,157.11,157.67,155.27,876875.0,156.58
2022-03-23 00:00:00,155.6,156.67,157.295,155.3338,760235.0,155.6
2022-03-24 00:00:00,158.15,156.04,158.25,155.61,494962.0,158.15
2022-03-25 00:00:00,159.55,158.57,159.63,157.88,507120.0,159.55
2022-03-28 00:00:00,161.42,160.49,161.42,159.4616,490786.0,161.42
2022-03-29 00:00:00,164.44,163.54,164.54,162.69,678525.0,164.44
2022-03-30 00:00:00,165.85,164.41,166.09,163.02,634343.0,165.85
2022-03-31 00:00:00,165.53,165.78,167.47,165.52,929685.0,165.53
2022-04-01 00:00:00,168.84,165.73,168.97,164.3422,590579.0,168.84
2022-04-04 00:00:00,166.25,168.32,168.53,164.62,581293.0,166.25
2022-04-05 00:00:00,167.64,166.57,168.6464,166.44,848499.0,167.64
2022-04-06 00:00:00,168.99,167.54,169.441,167.12,865009.0,168.99
2022-04-07 00:00:00,171.14,169.88,171.765,167.6,717995.0,171.14
2022-04-08 00:00:00,169.87,171.05,173.87,169.6,719304.0,169.87
2022-04-11 00:00:00,169.22,170.0,170.81,168.0,873131.0,169.22
2022-04-12 00:00:00,168.55,169.0,171.12,168.26,777016.0,168.55
2022-04-13 00:00:00,167.15,168.55,168.95,166.42,825618.0,167.15
2022-04-14 00:00:00,166.16,167.82,168.68,166.07,581919.0,166.16
2022-04-18 00:00:00,162.44,166.1,167.14,161.495,578234.0,162.44
2022-04-19 00:00:00,164.38,162.89,164.57,162.13,573034.0,164.38
2022-04-20 00:00:00,167.56,166.04,169.13,165.55,783872.0,167.56
2022-04-21 00:00:00,165.31,167.96,169.155,165.18,782596.0,165.31
2022-04-22 00:00:00,164.2,165.49,166.5082,163.112,968422.0,164.2
2022-04-25 00:00:00,160.81,164.8,164.83,158.23,801549.0,160.81
2022-04-26 00:00:00,158.26,160.48,161.525,158.03,706817.0,158.26
2022-04-27 00:00:00,156.24,157.4,159.0375,156.02,900675.0,156.24
2022-04-28 00:00:00,160.68,156.38,161.3297,155.77,776699.0,160.68
2022-04-29 00:00:00,154.08,159.18,159.89,153.73,1277840.0,154.08
2022-05-02 00:00:00,148.83,154.84,154.93,147.56,1349414.0,148.83
2022-05-03 00:00:00,149.62,149.07,153.02,149.025,1109751.0,149.62
2022-05-04 00:00:00,152.5,149.99,152.77,148.95,840931.0,152.5
2022-05-05 00:00:00,148.36,151.55,152.37,147.11,682861.0,148.36
2022-05-06 00:00:00,149.01,146.83,149.64,146.6448,1085488.0,149.01
2022-05-09 00:00:00,145.79,147.28,147.94,144.94,954000.0,145.79
2022-05-10 00:00:00,143.55,146.01,148.12,142.63,1065606.0,143.55
2022-05-11 00:00:00,144.04,143.64,146.22,143.14,1004091.0,144.04
2022-05-12 00:00:00,145.82,144.24,146.23,143.74,1141422.0,145.82
2022-05-13 00:00:00,146.48,147.03,147.91,145.11,710845.0,146.48
2022-05-16 00:00:00,145.97,146.34,148.075,145.7,725446.0,145.97
2022-05-17 00:00:00,146.41,146.73,146.73,143.92,634553.0,146.41
2022-05-18 00:00:00,144.28,146.45,147.56,143.93,676866.0,144.28
2022-05-19 00:00:00,145.05,144.07,145.465,142.36,900633.0,145.05
2022-05-20 00:00:00,145.57,145.83,146.66,143.23,2022788.0,145.57
2022-05-23 00:00:00,148.36,147.28,148.62,146.14,922683.0,148.36
2022-05-24 00:00:00,148.47,148.42,149.1,144.13,1295540.0,148.47
2022-05-25 00:00:00,146.89,147.85,148.64,146.31,677210.0,146.89
